0 0 1 4037.76 -3771.2
1 1 1 -3920.73 -3929.02
2 1 1 -3605.8 -3515.66
3 1 0 -3787.95 4173.93
4 0 0 3974.64 3972.34
5 0 1 3786.66 -3499.77
6 0 1 3728.78 -3526.61
7 1 1 -3762.86 -4074.64
8 0 1 3838.48 -3478.94
9 1 1 -3648.28 -3799.4
10 0 1 3800.01 -3564.04
11 1 1 -3675.96 -3842.8
12 1 0 -3710.29 4299.12
13 1 0 -3433.07 3737.65
14 1 1 -3567.48 -3486.63
15 1 1 -3689.84 -3772.16
16 1 1 -3779.7 -3827.7
17 0 1 3869.31 -3659.44
18 1 1 -3805.1 -3938.89
19 0 0 8073.92 9497.83
20 1 1 -8215.08 -3659.62
21 0 0 3700.26 3650.21
22 0 0 3860.4 3997.71
23 1 1 -3999.33 -4131.63
24 0 0 3928.82 4011.45
25 0 0 3793.35 3767.95
26 0 1 3707.34 -3346.42
27 0 1 3831.16 -3551.22
28 0 0 3795.08 3754.7
29 1 1 -3847.88 -4039.86
30 0 0 4023.92 3781
31 1 0 -3249.2 3634.67
32 1 1 -3666.73 -3786.19
33 1 0 -3519.71 4036.76
34 0 1 3856.03 -4058.8
35 1 1 -4018.01 -4128.42
36 1 1 -3676.49 -3823.05
37 0 1 3727.27 -3355.45
38 1 0 -3716.75 3909.25
39 1 1 -4008.18 -4205.05
40 1 0 -3683.79 4074.64
41 1 0 -3697.25 4098.2
42 0 0 3794.56 4020.62
43 0 1 4210.37 -3391.23
44 0 0 3664.12 3742.16
45 1 0 -3505.75 3998.09
46 1 1 -3643.62 -3832.1
47 0 0 3652.06 3685.28
48 1 0 -3662.07 4094.4
49 1 1 -3715.45 -3750.46
50 1 0 -3659.01 4111.55
51 0 1 3994.95 -3605.57
52 0 1 3760.54 -7270.61
53 1 0 -3716.95 3765.87
54 1 0 -3706.02 3646.6
55 1 1 -3745.2 -5354.61
56 0 1 4075.51 -3716.84
57 0 1 3930.85 -3672.32
58 0 1 3795.54 -3685.1
59 1 1 -3753.47 -3681.5
60 1 0 -3607.76 3882
61 1 1 -4079.83 -4112.08
62 0 1 4548.55 -3392.52
63 1 0 -3535.37 3806.35
64 1 1 -4182.49 -3988.13
65 1 0 -3391.81 3726.62
66 1 1 -3722.86 -3755.42
67 1 1 -3939.58 -4215.51
68 0 0 5104.85 3872.49
69 1 1 -3870.87 -3903.83
70 1 0 -3527.52 5406.03
71 1 1 -3836.94 -3969.78
72 0 1 3913.16 -3567.86
73 1 0 -3577.02 4033.64
74 1 0 -3559.4 3898.22
75 0 1 7342.35 -3591.85
76 1 1 -3833.6 -3926.33
77 1 0 -3481.14 3800.88
78 0 1 4157.76 -3448.25
79 1 1 -3739.91 -3750.56
80 0 1 3904.82 -3626.73
81 1 1 -3814.64 -3746.63
82 1 1 -3746.85 -4884.26
83 1 0 -3696.71 4100.78
84 0 1 3710.66 -3406.69
85 1 1 -3621.45 -3516.81
86 0 1 3882.23 -3626.95
87 0 1 3926.69 -3375.55
88 0 1 3909.6 -3788.61
89 0 0 4580.85 4083.52
90 0 1 12792.9 -3385.92
91 0 1 5252.43 -3415.91
92 0 0 4282.07 3972.09
93 0 0 3675.47 3745.14
94 0 0 4008.39 4162.77
95 1 0 -3530.22 3897.01
96 1 1 -3989 -4163.66
97 0 0 4544.36 3823.54
98 1 1 -3529.24 -3503.62
99 1 1 -4694.12 -3994.58
100 1 0 -3663.66 4159.99
101 0 1 3923.56 -3688.42
102 1 0 -3492.67 3811.84
103 1 1 -3734.21 -4186.44
104 0 1 3820.33 -3587.55
105 1 0 -3545.2 3871.22
106 0 0 3731.61 3730.01
107 1 0 -3340.58 3777.91
108 1 0 -3596.04 3832.24
109 1 1 -3847.92 -3892.22
110 0 1 3832.24 -3402.38
111 0 1 4076.33 -3686.83
112 1 1 -3816.17 -3860.48
113 0 1 3651.06 -3374.27
114 0 1 3919.15 -3757.56
115 1 1 -3704.6 -3784.12
116 0 0 4172.71 4113.5
117 1 1 -3946.97 -4018.01
118 0 0 4495.44 3898.71
119 1 0 -3740.32 3958.51
120 1 1 -3639.4 -3812.72
121 0 0 4005.3 4109.81
122 1 0 -3661.58 4010.67
123 1 0 -3594.11 4155.96
124 0 0 4170.87 4115.16
125 0 1 5067.47 -3750.84
126 1 1 -3872.94 -4058.17
127 1 0 -3449.6 3735.29
128 1 1 -3829.77 -4046.02
129 1 0 -3548.68 3783.97
130 1 1 -3832.31 -3928.55
131 1 1 -3902.75 -3537.52
132 1 0 -3724.06 4202.74
133 1 0 -3602.04 3926.06
134 0 0 4362.25 3705.32
135 0 0 4098.65 4114.14
136 1 1 -4009.04 -3960.69
137 0 0 3769.97 3711.15
138 1 0 -3582.31 3860.67
139 1 0 -3612.16 3987.31
140 0 0 4146.99 4067.82
141 1 0 -3757.11 4128.25
142 1 0 -3854.52 3780.73
143 0 1 3966.86 -3742.75
144 1 0 -3653.48 4058.92
145 1 0 -3603.69 4121.95
146 1 1 -10585.7 -3740.19
147 0 1 6569.04 -3564.56
148 1 1 -3830.48 -3917
149 1 1 -3706.71 -3741.39
150 1 1 -3668.38 -3747.63
151 0 1 3975.93 -3675.7
152 0 1 3813.33 -5980.32
153 0 1 3998.48 -3629.13
154 1 1 -3810.33 -3841.04
155 1 1 -3841.21 -3950.51
156 0 1 3716.08 -3415.79
157 1 1 -3810.27 -3740.91
158 1 0 -3945.81 4142.65
159 0 0 3884.36 3925.95
160 1 0 -3515.94 3909.25
161 0 0 4081.37 4092.56
162 0 1 4482.99 -3715.98
163 0 1 3691.98 -3308.85
164 0 1 3905.76 -3613.12
165 1 0 -3780.96 4083.99
166 0 1 3992.25 -3748.3
167 0 0 3996.43 3817.84
168 0 0 3916.05 3973.86
169 0 0 7573.36 3808.91
170 1 1 -3580.3 -3606.55
171 1 0 -3632.18 3991.16
172 0 0 3717.37 3864.54
173 0 0 4020.2 4144.12
174 0 1 3897.68 -3582.94
175 1 0 -3481.58 3912.43
176 0 1 3790.18 -3652.52
177 0 0 3898.73 3935.64
178 0 1 5517.74 -9873.48
179 1 1 -3974.88 -3984.29
180 0 0 3852.55 3952.36
181 1 1 -3719.74 -3776.54
182 0 0 3914.66 3915.99
183 0 1 3845.95 -3433.93
184 1 0 -3765.51 3925.45
185 0 0 4209.03 4071.93
186 1 0 -3407.03 3671.08
187 1 1 -3995.67 -3951.2
188 1 0 -3591.04 3857.18
189 0 1 3794.06 -3478.25
190 1 1 -3925.59 -3978.15
191 0 1 4040.15 -3717.8
192 0 1 3910.13 -3612.78
193 0 0 4006.96 4057.52
194 1 0 -3589.71 3995.71
195 0 1 3775.95 -3407.09
196 1 0 -3532.17 3967.33
197 1 1 -3717.69 -3738.25
198 0 1 3971.9 -3615.88
199 1 1 -3838.18 -3893.89
200 1 0 -3750.07 4176.46
201 1 0 -3481.55 3813.42
202 1 1 -3894.15 -4122.56
203 1 0 -3769.65 4222.65
204 0 0 3905.11 4786.08
205 0 0 3924.23 3996.9
206 1 0 -3263.18 3645.17
207 1 1 -3888.32 -3847.41
208 0 1 4807.47 -4786.99
209 0 1 3972.51 -3608.09
210 1 1 -3690.16 -6059.32
211 1 0 -3670.85 3981.28
212 0 0 3905.78 4151.37
213 0 0 3885.12 4167.49
214 1 0 -4058.86 3924.08
215 0 0 4190.28 4310.67
216 1 0 -3544.9 3813.34
217 1 0 -3876.45 3813.45
218 1 1 -3687.09 -7460.79
219 0 1 3834.32 -3543.3
220 0 1 4027.98 -3610.67
221 0 0 3862.42 4022.07
222 1 1 -3742.6 -3713.92
223 1 0 -3653.48 4098.52
224 0 0 4183.42 4077.22
225 0 1 3879.74 -3462.77
226 1 0 -3495.17 3799.54
227 0 1 3785.41 -3494.16
228 0 0 3983.69 3890.47
229 1 0 -3615.55 3983.53
230 1 1 -4128.98 -3825.71
231 0 1 3861.72 -3320.85
232 0 1 3880.5 -3628.25
233 0 1 4049.59 -3607.46
234 1 0 -3616.84 4039.06
235 1 0 -3597.24 4035.69
236 0 1 3799.19 -8266.35
237 1 0 -3641.48 3931.53
238 0 1 3729.46 -3399
239 1 0 -3521.06 3840.25
240 0 1 3917.77 -3524.96
241 0 0 3808.83 3947.16
242 0 1 3783.51 -3580.27
243 1 1 -3627.41 -3641.21
244 0 0 3995.5 3979.72
245 1 0 -3463.59 11505.8
246 1 0 -3438.37 12478
247 1 0 -3496.88 3809.46
248 0 1 3884.54 -3552.74
249 1 0 -3596.84 4024.55
250 1 1 -3801.36 -3846.52
251 1 0 -3652.5 4024.24
252 1 0 -3670.2 4082.54
253 0 0 4274.74 3919.55
254 0 0 3972.22 4093.26
255 1 1 -4531.47 -3945.78
256 1 1 -3769.16 -3812.84
257 1 1 -3765.9 -3800
258 1 0 -3914.83 4070.59
259 0 0 3771.1 6568.06
260 0 0 3728.25 3786.6
261 0 1 5307.34 -3458.1
262 0 1 4098.88 -3637.68
263 0 0 4750.24 4001.83
264 1 0 -3411.04 3766.61
265 0 0 4104.88 4063.75
266 1 1 -3971.16 -4161.95
267 0 1 4323.74 -3576.1
268 1 1 -3722.15 -3880.78
269 0 0 5634.68 3838.68
270 0 0 3755.9 3758.54
271 1 1 -3835.56 -4089.61
272 1 0 -3422.87 3735.77
273 0 1 3886.68 -3716.44
274 1 0 -3597.76 3871.67
275 1 0 -3712.04 4004.15
276 0 0 3601.51 3642.09
277 0 1 4090.56 -3740.18
278 1 1 -3574.59 -3639.03
279 1 1 -3883.9 -4414.68
280 0 1 3910.78 -3632.54
281 1 1 -3772.12 -3886.12
282 0 1 3713.49 -3397.28
283 1 1 -3816.42 -3979.3
284 0 1 3706.95 -3316.76
285 0 0 4982.03 4199.39
286 0 0 3738.17 3751.85
287 0 1 3959.53 -3725.82
288 1 0 -3718.72 4095.14
289 0 1 5024.91 -3819.28
290 0 0 3817.19 3900.3
291 1 0 -6196.65 3971.3
292 0 1 3968.77 -3605.27
293 0 0 3727.45 3754.25
294 1 0 -3555.61 3912.53
295 1 1 -5675.04 -3882.84
296 1 0 -3271.04 3708.31
297 1 1 -3973.63 -3791.98
298 0 0 8236.41 4133.78
299 1 1 -3851.65 -3954.08
300 1 0 -3536.22 3898.68
301 1 0 -3527.28 3866.03
302 1 1 -3835.29 -7536.38
303 0 1 4032.28 -3682.37
304 1 1 -3833.73 -4373.54
305 0 0 4049.19 3996.31
306 1 1 -3781.47 -3732.63
307 0 1 3778.7 -3625.9
308 1 1 -3958.33 -4192.53
309 1 1 -3901.6 -4016.89
310 0 1 3951.88 -3483.48
311 1 0 -3666.73 4890.29
312 1 1 -3541.21 -3543.7
313 1 1 -3702.51 -3593.16
314 1 1 -3851.73 -3990.11
315 1 0 -4899.71 3954.69
316 1 0 -3497.62 4328.73
317 0 0 4018.75 3981.93
318 1 0 -3376.86 3828.44
319 0 0 3888.3 4012.08
320 1 0 -3603.65 4001.72
321 1 0 -3564.55 3808.29
322 1 1 -3824.65 -3900.4
323 1 0 -3691.45 3983.43
324 0 1 4045.54 -3732.58
325 0 0 3789.41 3998.11
326 1 1 -4363.71 -4174.61
327 1 1 -3586.43 -7693.99
328 1 1 -3821.35 -3881.75
329 1 1 -3623.94 -5614
330 0 0 3820.75 4062.7
331 1 0 -3582.09 4100.7
332 0 0 3938.76 4013.38
333 0 0 5226.38 13292
334 0 0 3819.13 4056.41
335 1 1 -3747.88 -4159.58
336 1 0 -3439.85 3730.07
337 0 0 3923.78 3993.41
338 1 1 -4817.48 -3824.87
339 1 1 -3720.04 -3765.47
340 1 1 -3843.71 -4025.77
341 1 1 -4970.82 -3999.63
342 1 1 -3631.08 -3644.15
343 0 0 3747.56 3863.28
344 0 0 10861.4 3699.91
345 0 0 3676.99 3756.98
346 1 1 -3921.14 -3928.92
347 0 0 4147.63 4119.9
348 1 0 -3527 3931.73
349 1 0 -3582.47 3840.36
350 0 0 4738.07 4080.68
351 1 0 -3735.3 4660.88
352 1 1 -3707.56 -3665.91
353 1 1 -3901.2 -4067.57
354 0 1 3998.85 -3555.95
355 1 0 -3547.03 3742.53
356 1 0 -3575.98 3932.51
357 0 0 3934.6 4044.79
358 1 1 -3896.85 -3783.25
359 1 1 -4640.71 -4860.85
360 1 0 -3668.37 4071.76
361 0 1 3657.33 -3545.83
362 0 1 4071 -3699.76
363 0 1 3779.46 -3359.09
364 1 1 -3629.33 -3590.67
365 0 0 4005.41 4062.32
366 0 1 3715.9 -3824.29
367 1 1 -3900.58 -3994.17
368 0 1 3910.34 -3618.61
369 1 0 -3427.25 7128.64
370 1 1 -3761.13 -3897.1
371 1 1 -3747.53 -3987.42
372 0 1 3836.93 -3393.3
373 0 0 10451.6 3799.75
374 0 0 4156.29 4086.84
375 0 0 3984.41 4047.51
376 1 1 -3958.55 -4130.01
377 1 0 -3783.07 4141.06
378 0 1 4010.82 -3609.18
379 0 0 3777.1 3870.32
380 1 0 -3529.97 3830.36
381 0 1 3955.08 -3568.2
382 0 0 3839.09 3910.61
383 0 0 3756.95 3867.11
384 1 0 -3665.61 5258.39
385 1 0 -3357.27 3709.72
386 1 0 -3553.8 4345.16
387 1 0 -3475.38 3925.94
388 0 1 3989.03 -3643.84
389 1 1 -3823.9 -3729.13
390 0 0 3949.12 4016.93
391 0 0 3990.92 4053.79
392 0 0 4120.95 4063
393 1 0 -3373.74 3731.83
394 1 1 -3911.27 -3835.31
395 0 0 3996.52 4066.74
396 0 1 4269.22 -3764.03
397 0 0 4001.04 3962.47
398 0 0 3931.66 3983.53
399 1 0 -3321.76 3947.18
400 1 0 -3398.66 3756.4
401 0 1 3972.24 -3607.8
402 0 0 3990.07 4119.96
403 1 0 -3546.46 3991.71
404 0 0 4034.02 4086.18
405 0 1 3947.78 -3527.47
406 0 1 3694.46 -3355.05
407 1 0 -3423.46 3855.87
408 1 1 -3943.77 -3966.3
409 0 0 3877.7 3943.25
410 0 1 4048.48 -3335.42
411 0 0 4061.76 4066.34
412 1 0 -3815.08 4212.26
413 1 1 -3848.83 -3895.79
414 0 1 3895.92 -3523.58
415 0 0 3744.54 3682.88
416 1 0 -3585.91 4005.78
417 1 0 -3652.47 4001.66
418 0 0 4073.57 4104.41
419 0 0 3990.06 4066.94
420 1 0 -4317.68 3918.79
421 0 0 4500.25 3881
422 0 0 3859.89 6947.41
423 1 0 -3605.75 4077.95
424 0 1 3949.06 -3713.78
425 0 0 3889.6 3811.03
426 0 1 3920.9 -3606.33
427 1 0 -3479.99 3725.46
428 1 1 -4886.49 -3881.6
429 0 0 4018.6 4052.1
430 1 0 -3722.92 4203.46
431 0 1 3902.22 -3683.44
432 1 0 -3613.69 3877.23
433 0 0 3846.75 3968.79
434 1 1 -3930.51 -3978.03
435 0 1 3794.88 -3849.73
436 0 0 3763.21 4231.77
437 1 1 -3629.47 -11611.2
438 0 1 3973.45 -3636.47
439 0 0 3816.52 3971.22
440 1 0 -3479.7 3716.2
441 1 0 -3409.11 3736.51
442 1 1 -3971.76 -4003.17
443 0 0 4087.11 4089.59
444 0 0 3840.54 3943.97
445 1 1 -3830.24 -3630.25
446 0 1 3880.86 -3443.4
447 1 0 -4740.08 4079.1
448 1 0 -3628.34 3840.45
449 1 1 -3988.62 -4151
450 1 0 -3582.47 3997.02
451 0 1 3928.35 -3555.4
452 1 0 -3611.72 4938.8
453 1 0 -3611.01 3959.08
454 1 0 -3768.32 4148
455 1 1 -3982.74 -4399.08
456 1 0 -6887.3 3999.55
457 1 1 -5645.59 -3812.98
458 0 0 3768.68 7832.99
459 1 0 -3729.97 4187.01
460 1 1 -3524.42 -3527.06
461 1 1 -4147.16 -3983.78
462 1 1 -3925.56 -4129.09
463 1 0 -3598.98 4016.25
464 1 1 -3718.21 -3762.8
465 1 0 -3393.25 3934.59
466 1 1 -3729.19 -3857.04
467 1 0 -3677.84 4098.77
468 1 1 -3633.4 -3895.22
469 0 1 3986.54 -3659.27
470 1 1 -3831.15 -3821.4
471 1 1 -3736.8 -3887.25
472 0 0 3790.23 3882.71
473 1 1 -3833.46 -3908.91
474 1 0 -3427.35 3759.36
475 1 0 -3525.48 3992.83
476 0 1 3782.15 -7612.53
477 1 1 -3629.56 -3905.97
478 1 1 -3955.98 -4146.31
479 1 1 -3871.7 -3714.69
480 1 1 -3726.82 -3660.53
481 0 1 3977.98 -3582.29
482 0 0 3885.06 4058.54
483 1 0 -3425.61 3826.61
484 1 1 -12368.6 -4968.08
485 1 1 -3883.14 -4374.77
486 1 0 -3845.62 4108.3
487 1 0 -3773.09 4175.52
488 0 1 3837.82 -3451.31
489 1 0 -3667.02 3972.88
490 1 1 -3703.84 -6389.53
491 1 1 -4310.05 -4045.11
492 1 1 -3859.59 -3871.57
493 0 1 4057.8 -3680.37
494 0 1 3846.31 -3758.16
495 1 0 -3714.56 4111.83
496 0 0 3810.33 3774.91
497 1 0 -3437.01 9523.26
498 0 1 3909.96 -3608
499 0 1 3866.83 -3765.75
500 1 1 -4009.91 -4098.48
501 1 1 -4069.83 -4172.47
502 0 1 3860.77 -3563.96
503 1 1 -3942.58 -3821.9
504 0 0 3651.77 5366.05
505 0 1 3989.29 -3643.85
506 0 1 3765.09 -3492.55
507 1 1 -3631.41 -3541.18
508 1 1 -3665.44 -4905.57
509 0 0 3900.57 3981.97
510 1 1 -3913.2 -4105.2
511 0 1 4038.79 -3584.75
512 0 1 3678.32 -8350.78
513 1 0 -4030.57 3979
514 0 0 3674.26 3836.68
515 1 1 -3969.5 -4174.8
516 1 0 -6123.03 3843.86
517 1 0 -3710 4187.58
518 0 1 4558.86 -3515.62
519 0 1 3940.83 -3485.3
520 1 1 -3720.35 -3987.04
521 0 1 4022.69 -3750.01
522 1 0 -3603.47 5721.03
523 1 1 -3753.1 -3664.15
524 0 1 3872.01 -3643.2
525 1 0 -3342.22 8536.28
526 1 0 -3465.51 3889.98
527 1 1 -3544.54 -3506.88
528 0 1 3679 -3433.71
529 1 0 -3678.04 3977.47
530 1 0 -3686.12 4126.11
531 1 1 -3692.6 -3748.75
532 1 1 -3830.83 -3930.68
533 1 1 -3734.03 -3837.58
534 0 0 4042.56 4054.85
535 0 1 4247.44 -3465.94
536 1 0 -3678.83 3684.76
537 0 0 3947.35 4083.78
538 1 1 -3602.5 -3629.82
539 0 1 6629.59 -3607.7
540 0 0 4151.11 4083.05
541 0 1 4018.51 -3668.16
542 0 1 3996.3 -3350.67
543 1 1 -3846.47 -3947.58
544 0 1 4011.54 -3588.55
545 1 0 -3424.81 3800.73
546 0 0 3998.77 4120.77
547 0 1 4077.21 -3705.11
548 0 1 3949.08 -3595.71
549 0 1 3830.09 -3504.69
550 1 0 -3465.61 3814.32
551 0 1 3845.84 -3594.39
552 0 0 3822.27 6601.47
553 1 0 -3400.17 3815.06
554 0 0 3768.24 3766.63
555 0 1 3915.07 -3631.94
556 0 1 7413.34 -3354.45
557 0 0 3887.63 3927.9
558 0 0 3825.3 4080.75
559 0 1 4008.2 -3632.3
560 1 0 -3539.17 4247.8
561 0 0 3696.15 3776.98
562 1 0 -3462.43 3853.71
563 0 1 4041.72 -3286.93
564 1 1 -3893.9 -4030.93
565 1 1 -3773.12 -5752.64
566 0 0 3925.58 3924.49
567 0 0 3825.76 3822.13
568 1 0 -3449.69 3794.09
569 0 1 3914.08 -3552.75
570 1 0 -3583.97 3913.72
571 1 0 -3518.26 3914.39
572 0 1 4034.3 -3710.33
573 0 0 3724.47 3761.83
574 0 0 4053.61 4089.12
575 0 1 3973.08 -3666.66
576 0 0 5641.76 3680.26
577 1 0 -3656.86 4008.23
578 1 1 -3640.27 -3521.88
579 0 1 3789.07 -3488.76
580 1 0 -4736.55 3838.11
581 0 0 12976.7 3720.08
582 1 0 -3635.86 3941.25
583 0 0 3977.42 4100.12
584 0 0 6964.91 3858.53
585 1 0 -3358.96 3752.35
586 1 1 -3653.24 -3789.77
587 1 1 -4019.3 -4157.02
588 1 1 -3867.97 -3916.26
589 0 1 3999.67 -3726.7
590 0 0 3770.41 3805.82
591 1 0 -3431.27 11407.3
592 0 0 3783.78 4038.08
593 0 1 8856.59 -3450.01
594 1 0 -3691.98 4050.5
595 0 0 3995.84 3990.08
596 0 1 3841.9 -3499.96
597 1 0 -3681.74 4105.9
598 1 1 -3920.92 -3832.62
599 0 0 4010.79 4031.62
600 0 1 4035.85 -3753.75
601 1 1 -3820.83 -3902.08
602 1 0 -3693.01 4802.43
603 1 0 -3614.57 3909.29
604 1 0 -3563.05 3661.37
605 0 1 3908.96 -3599.24
606 1 1 -3822.67 -3905.45
607 1 0 -3408.08 3797.83
608 1 0 -5200.5 3891.05
609 0 1 3794.86 -3455.4
610 1 1 -3754.1 -3758.29
611 1 1 -3695.48 -3770.33
612 0 1 5586.63 -3382.13
613 1 1 -3759.05 -3786.06
614 0 1 3939.15 -3584.6
615 1 0 -3585.52 3885.98
616 0 1 4106.29 -3672.97
617 0 1 3825.97 -3476.46
618 0 0 3761.28 3906.19
619 1 0 -3527.82 3759.41
620 1 0 -3664.96 4104.07
621 1 1 -3820.21 -3922.87
622 0 1 3900.74 -3591.21
623 0 0 4431.11 3903.93
624 1 0 -3678.04 4060.64
625 1 0 -3403.25 3757.96
626 1 1 -3772.88 -3756.08
627 0 1 3897.69 -3505.43
628 0 0 3820.71 3846.39
629 1 0 -3570.92 5559.41
630 1 1 -3769.99 -4221.34
631 1 1 -3944.99 -3963.38
632 0 0 4108.35 3859.02
633 0 0 3843.03 3978.98
634 0 1 3680.42 -5672.38
635 0 0 3797.36 3804.79
636 0 1 4052.65 -3756.74
637 1 1 -3614.86 -3684.07
638 0 0 3838.97 4060.48
639 1 0 -3724.76 4154.35
640 0 0 4993.67 4105.77
641 1 1 -3643.58 -3847.94
642 0 1 3683.05 -3529.22
643 1 0 -3674.62 4075.06
644 1 0 -3481.83 3879.45
645 0 1 3793.76 -3355.91
646 0 0 3761.14 3782.52
647 0 1 3912.68 -3559.67
648 1 1 -3620.57 -3785.1
649 0 0 4298.54 3885.18
650 0 1 3734.25 -3351.53
651 0 0 3956.61 3994.86
652 0 1 3805.89 -3595.4
653 0 1 3696.72 -4662.11
654 1 0 -3698.21 4086.26
655 0 0 3715.43 3697.35
656 1 0 -3675.25 4119.08
657 1 0 -3792.96 4180.9
658 1 0 -3629.71 5714.8
659 1 0 -4609.91 3947.85
660 1 0 -3654.32 4095.76
661 0 0 3957.8 4085.11
662 1 1 -3956 -4427.64
663 1 0 -3817.8 4007.38
664 1 1 -3836.3 -3801.79
665 0 0 3984.12 3999.49
666 0 1 3761.74 -3297.2
667 1 0 -3688.75 4130.94
668 0 0 3904.19 4031.26
669 0 1 3983.23 -3669.9
670 1 0 -3525.4 3922.66
671 0 1 4554.73 -3383.65
672 1 0 -3613.98 4116.11
673 1 1 -3928.66 -4228.48
674 0 1 4016.68 -3724.44
675 0 1 6631.68 -4795.14
676 1 0 -3673.88 4235.43
677 1 0 -3396.47 4377.55
678 1 0 -3734.31 4217.23
679 1 1 -4317.42 -4705.75
680 1 1 -3852.05 -3849.86
681 1 0 -3686.36 4144.21
682 0 0 3923.05 4043.79
683 1 1 -3788.29 -6143.57
684 0 0 4104.11 4119.75
685 0 1 3819.91 -3536.11
686 0 0 3839.53 3942.53
687 0 1 3895.13 -3680.47
688 0 1 3900.27 -3589.55
689 0 1 4015.79 -3724.76
690 0 1 3856.25 -3447.21
691 0 0 4068.36 4115.52
692 1 0 -3722.4 4165.06
693 0 0 3928.75 4164.15
694 1 0 -9614.39 6338.68
695 0 0 3758.07 3907.33
696 1 0 -3240.47 3632.83
697 1 0 -4642.8 3728.78
698 1 1 -3829 -3989.69
699 0 0 3726.59 3763.66
700 0 1 4173.94 -3750.04
701 1 1 -3739.31 -3752.21
702 1 1 -3753.85 -3807.85
703 0 1 3587.22 -3315.51
704 0 1 3963.75 -3699.4
705 0 0 3906.89 5368.11
706 0 0 3750.42 5971.45
707 0 1 3974.67 -3592.78
708 0 1 4417 -3295.36
709 1 0 -4202.69 3938.03
710 1 1 -5394.46 -3831.47
711 1 1 -3860.33 -4021.32
712 0 0 3735.05 3753.78
713 0 1 3733.4 -3302.67
714 0 0 3825.9 4153.26
715 0 1 3830.04 -3532.75
716 1 1 -3771.1 -3858.18
717 0 1 3678 -3731.38
718 1 0 -3614.29 4001.39
719 0 0 3946.7 4048.54
720 0 1 3988.94 -3626.7
721 1 0 -3525.68 4231.57
722 1 0 -3547.85 4242.65
723 0 1 3811.61 -3555.66
724 0 0 3950.91 3987.06
725 0 1 3786.09 -3428.04
726 0 1 3994.69 -3680.42
727 0 1 4011.04 -3723.73
728 1 0 -3701.09 4193.29
729 0 1 4255.07 -3331.9
730 1 0 -3236.67 3668.25
731 0 0 3998.33 4058.54
732 1 0 -3693.83 4035.89
733 0 0 3824.17 4230.65
734 1 0 -3437.16 3742.92
735 0 0 3996.27 4023.81
736 1 0 -3517.97 3858.94
737 1 0 -3446.53 3752.54
738 0 0 3954.06 3959.71
739 1 0 -3357.39 3726.99
740 1 1 -3835.37 -7701.02
741 1 0 -3254.17 3661.26
742 1 1 -3851.33 -3902.77
743 0 0 3630.29 3635.72
744 1 1 -3896.84 -3767.91
745 0 1 4366.13 -3699.59
746 1 1 -3964.86 -4128.12
747 1 0 -3615.72 4083.03
748 0 1 3847.67 -3823.63
749 1 1 -4295.63 -3537.11
750 1 1 -3707.84 -3686.67
751 0 0 3872.75 3940.79
752 0 0 3826.01 3864.99
753 1 1 -3904.2 -4028.03
754 0 0 5048.1 4453.45
755 0 1 3948.03 -3785.79
756 1 1 -3576.23 -3705.19
757 1 1 -3962.21 -4173.67
758 1 1 -3904.95 -3942.33
759 0 1 11622.5 -3334.89
760 1 0 -3606.65 3893.4
761 0 0 3826.92 3870.13
762 0 0 3696.32 3724.12
763 1 1 -3844.87 -3919.79
764 0 1 4024.91 -3700.77
765 1 0 -3799.27 4214.06
766 0 1 3996.86 -3684.15
767 0 0 3841.78 4091
768 1 0 -3592.4 4057.63
769 0 0 4283.22 3761.41
770 1 1 -3727.78 -3660.11
771 0 1 5423.74 -3648.04
772 1 1 -4167.01 -3513.97
773 1 1 -4048.59 -4114.34
774 0 1 3908.71 -3570.91
775 0 1 3794.47 -3487.11
776 0 0 3900.4 3941.06
777 0 0 3844.86 3971.18
778 0 0 4022.95 4062.88
779 1 0 -3581.86 4186.27
780 0 1 3967.73 -3611.58
781 1 0 -3577.93 4047.18
782 0 1 3735.42 -3297.43
783 1 0 -3665 3998.95
784 1 1 -3555.93 -4798.32
785 0 0 4097.58 4022.52
786 1 0 -3680.38 7395.34
787 0 1 4425.3 -3481.66
788 0 0 3918.97 3877.57
789 1 1 -3946.43 -3979.06
790 1 0 -3855.05 3897.54
791 1 1 -3625.56 -3711.09
792 0 1 4178.85 -3354.74
793 0 0 3948.84 3976.62
794 1 1 -3995.21 -4155.04
795 1 1 -3655.25 -6172.21
796 1 1 -3730.59 -3746.43
797 1 0 -3789.07 4086.59
798 0 0 5041.13 3741.19
799 1 0 -3502.77 3818.61
800 0 0 3780.96 3859.67
801 0 1 3789.48 -3483.26
802 0 1 4074.29 -3754
803 1 1 -3652.55 -3717.67
804 0 0 5535.25 4260.22
805 0 1 3964.32 -3678.82
806 0 1 3738.3 -3432.71
807 0 1 4211 -3361.4
808 0 0 3717.56 3822.04
809 0 1 4295.65 -3652.11
810 0 1 3718.63 -3389.05
811 0 1 4029.06 -3764.39
812 1 1 -3766.27 -3740.14
813 1 1 -4000.31 -4189.48
814 1 1 -3941.45 -4019.39
815 0 0 3936.76 3965.66
816 0 1 3985.8 -3631.84
817 1 0 -3638.37 4029.96
818 0 0 3996.14 4054.77
819 0 0 4078.01 4063.75
820 0 1 3722.05 -3392.02
821 1 0 -3525.58 3880.16
822 0 0 3929.7 3976.93
823 1 1 -3674.31 -3878.77
824 1 1 -3847.86 -3921.56
825 1 0 -3284.37 3976.41
826 1 1 -3758.22 -3761.03
827 1 1 -3941.27 -4223.11
828 1 1 -3702.44 -3804.9
829 0 1 3890.46 -3602.87
830 1 0 -3582.41 4064.14
831 0 0 3765.91 3817.58
832 1 1 -3800.12 -3779.49
833 0 0 8899.67 3885.85
834 0 1 3841.05 -3661.28
835 0 1 3785.4 -3406.73
836 0 1 4330.72 -3342.64
837 1 1 -3863.18 -3913.3
838 0 1 4818.64 -3572.32
839 1 0 -3612.32 3930.19
840 0 0 3933.45 3999.75
841 1 1 -3908.42 -4133.5
842 0 0 4073.71 4094.53
843 1 0 -3600.84 3978.22
844 0 1 3762.48 -3354.89
845 1 0 -3393.04 3697.12
846 0 0 3862.8 3798.52
847 0 1 4024.15 -3625.67
848 0 0 3717.4 3750.59
849 0 1 3708.86 -3341.28
850 1 1 -3616.31 -3842.89
851 1 0 -3617.48 4089.24
852 0 1 3899.43 -7165.54
853 1 1 -3535.98 -4253.1
854 1 0 -3674.13 4121.59
855 1 0 -3685.26 4213.9
856 0 1 4055.82 -3719.06
857 0 0 3982.8 4005.79
858 1 1 -3929.3 -4210.51
859 1 0 -3766.95 4071.66
860 0 1 3819.68 -3520.88
861 1 1 -3724.61 -3791.09
862 0 1 3969.6 -3576.36
863 0 0 4041.26 4022.48
864 1 0 -3598.22 3986.3
865 1 1 -3731.39 -3760.08
866 0 0 3652.93 3741.18
867 1 0 -3714.86 4139.63
868 0 1 4047.97 -3714.24
869 1 1 -3761.81 -3794.7
870 1 1 -3725.37 -3863.92
871 0 1 3724.71 -4260.79
872 1 1 -3845.65 -3915.21
873 0 0 3855.14 3932.26
874 1 1 -3947.01 -4165.73
875 0 0 5496.54 3982.87
876 1 0 -3397.71 4052.46
877 0 0 3936.82 4036.8
878 0 0 3816.87 3873.9
879 0 1 4021.35 -3720.76
880 0 1 3835.79 -3471.87
881 1 1 -3621.68 -3667.43
882 0 1 4046.92 -3684.6
883 0 0 3919.07 3946.52
884 1 1 -3799.27 -3617.66
885 1 1 -3917.4 -4139.78
886 1 1 -3826.84 -4015.11
887 0 1 3700.97 -3514.66
888 0 1 4045.16 -3739.59
889 0 0 4064.56 4138.18
890 0 1 8252.65 -3439.98
891 1 0 -3809.44 4193.14
892 1 0 -3680.48 3946.77
893 0 1 3702.84 -3533.31
894 0 0 3925.54 3999.82
895 1 0 -3601.97 3875.7
896 0 1 4016.76 -3720.68
897 1 1 -4018 -4116.99
898 0 1 3725.8 -4186.4
899 0 0 4072.86 3752.45
900 1 0 -3560.19 3879.95
901 0 1 3694.25 -3333.7
902 1 1 -3798.75 -3705.71
903 0 0 3819.63 4011.36
904 0 1 3813.36 -3571.38
905 1 0 -3583.04 3904.94
906 1 0 -3472.16 3819.68
907 0 1 3788.57 -3437.19
908 1 0 -3617.22 4204.7
909 1 1 -3882.21 -3880.99
910 1 1 -3759.46 -3787.16
911 0 0 4141.59 4095.65
912 0 0 3943.27 3997.01
913 1 0 -3677.01 4175.86
914 1 0 -3596.16 3821.02
915 0 1 3759.26 -3553.79
916 1 1 -3756.6 -3754.26
917 1 1 -3958.2 -4215.89
918 0 0 4097.66 4091.97
919 0 0 4499.95 4037.9
920 1 1 -3578.55 -3709.8
921 0 0 3787.33 3808.7
922 1 0 -3667.58 4075.84
923 1 0 -8111.09 3783.4
924 0 0 3797.07 6829.29
925 0 0 3883.24 3935.1
926 1 1 -3718.48 -3786.56
927 1 0 -3571.27 6614.91
928 0 1 3937.53 -3624.22
929 0 1 3836.08 -3646.38
930 1 1 -4221.87 -3726.34
931 1 1 -3998.84 -3597.81
932 0 1 3831.32 -3354.86
933 1 1 -3845.1 -3883.05
934 1 0 -3297.82 3683.51
935 1 0 -3677.93 4248.34
936 1 0 -3633.67 4013.51
937 1 0 -3571.07 3903.44
938 0 1 3909.16 -3737.55
939 0 1 3898.56 -8992.73
940 0 1 3681.71 -3329.96
941 1 0 -3679.5 4105.29
942 0 0 4293.56 3993.67
943 0 1 3968.14 -3685.68
944 0 1 3795.79 -3523.19
945 0 0 3887.66 3978.97
946 1 1 -3982.89 -7885.87
947 1 0 -3705.9 4196.97
948 0 1 3898.1 -3621.82
949 1 0 -3586.36 3860.4
950 0 0 3791.19 3831.97
951 1 1 -3819.71 -4377.64
952 0 0 3792.87 8282.1
953 1 0 -3624.99 4073.11
954 0 1 3932.73 -3637.73
955 1 0 -3750.57 4162.92
956 1 1 -3966.8 -4198.62
957 1 1 -8169.22 -3901.48
958 0 0 4109.07 4108.21
959 0 0 3929.16 4390.38
960 0 1 3753.46 -3549.16
961 1 0 -4160.37 4433.5
962 1 0 -3693.94 4091.54
963 0 0 3843.16 4186.97
964 1 0 -3532.41 4149.15
965 0 1 3958.8 -3583.18
966 1 1 -3503.78 -4030.96
967 1 0 -5742.93 3905.07
968 1 0 -3706.7 4134.64
969 0 1 3917.22 -3585.81
970 0 1 4001.28 -3489.13
971 0 1 3846.94 -3487.66
972 1 1 -4246.74 -3684.1
973 1 1 -7432.29 -3862.36
974 0 1 3811.22 -3366.36
975 0 0 3832.33 8708.59
976 1 0 -3733.9 4192.08
977 0 1 4023.91 -3629.18
978 1 1 -3794.44 -3834.27
979 0 1 3912.71 -3632.01
980 1 0 -3711.36 4132.22
981 0 1 4119.73 -3676.07
982 1 1 -3966.3 -4023.04
983 0 1 3800.4 -3317.18
984 0 0 3857.11 3939.1
985 0 0 3854.64 4105.66
986 0 0 3924.57 3978.34
987 0 1 3855.75 -3540.97
988 0 1 3923.7 -3730.91
989 1 0 -3575.14 3864.97
990 0 0 3916.08 5040.72
991 1 0 -5041.27 3784.83
992 1 1 -3800.24 -3913.58
993 1 0 -3393.62 3712.2
994 1 1 -3797.96 -3781.62
995 0 1 3906.14 -3609.03
996 0 0 4056.61 3949.84
997 1 0 -3674.39 3863.73
998 1 1 -4202.2 -3626.04
999 0 1 4020.57 -3665.48
1000 1 1 -3643.16 -3597.02
1001 1 0 -3662.39 4005.21
1002 1 0 -3776.22 4121.57
1003 1 1 -3838.94 -4022.97
1004 0 0 3869.22 4096.06
1005 1 0 -3614.89 3859.05
1006 1 1 -3858.19 -3908.23
1007 0 1 3870.91 -3552.25
1008 1 0 -3778.54 4209.82
1009 0 0 3914.1 3980.63
1010 1 1 -5970.55 -4020.8
1011 1 0 -3797.36 4104.61
1012 1 1 -3832.95 -3915.45
1013 1 1 -3854.5 -3814.8
1014 0 1 3812.85 -3526.08
1015 1 0 -3652.91 4052.19
1016 0 0 3701.07 4169.71
1017 0 1 3803.85 -3635.82
1018 0 1 3916.94 -3393.97
1019 0 1 4044.6 -3739.59
1020 1 0 -3747.93 4602.83
1021 1 1 -3882.58 -3997.32
1022 1 1 -3816.31 -3711.14
1023 0 0 3806.78 3940.89
