0 1 1 -362.518 -420.522
1 0 1 462.314 -472.638
2 0 0 409.513 296.611
3 1 0 -429.787 402.329
4 1 0 -432.28 370.296
5 0 1 403.963 -427.512
6 1 0 -330.804 558.068
7 1 0 -371.975 320.522
8 0 0 433.47 335.427
9 1 0 -422.298 488.843
10 1 0 -349.706 303.38
11 1 1 -624.511 -637.841
12 1 0 -661.767 292.41
13 1 1 -420.31 -367.566
14 0 1 367.672 -472.054
15 1 1 -369.943 -405.694
16 0 1 400.258 -416.283
17 1 0 -331.95 290.546
18 1 1 -463.613 -545.239
19 0 1 521.278 -322.931
20 1 1 -465.314 -552.752
21 0 1 407.852 -424.419
22 0 0 395.247 318.204
23 1 1 -699.151 -461.288
24 0 0 344.778 269.091
25 0 0 488.694 370.835
26 1 0 -471.031 409.93
27 0 0 437.048 536.766
28 0 1 364.391 -519.822
29 1 0 -585.981 267.073
30 0 1 317.395 -387.802
31 0 1 388.117 -426.17
32 1 1 -505.002 -568.609
33 1 0 -341.262 366.472
34 0 0 329.686 274.469
35 0 0 581.406 385.915
36 0 1 350.007 -369.834
37 0 0 456.753 412.276
38 0 0 567.701 313.085
39 1 0 -678.891 289.451
40 1 0 -367.623 373.579
41 1 1 -280.956 -332.321
42 0 0 496.375 345.825
43 0 0 494.037 363.216
44 0 1 283.715 -488.074
45 0 0 493.155 487.827
46 1 0 -344.781 357.725
47 0 0 541.563 448.18
48 1 0 -406.104 392.172
49 0 1 488.221 -468.811
50 0 1 500.975 -486.349
51 1 1 -413.022 -620.262
52 1 1 -331.095 -365.581
53 1 0 -358.685 316.011
54 1 1 -516.745 -325.123
55 1 0 -376.418 442.944
56 0 0 369.229 305.522
57 0 1 275.907 -389.626
58 1 0 -343.279 276.476
59 0 0 553.619 333.435
60 0 0 482.02 351.852
61 1 0 -815.646 263.708
62 1 0 -405.047 350.763
63 1 1 -434.684 -456.443
