0 0 0 2837.8 2226.08
1 1 1 -1943.6 -4833.54
2 0 1 1920.54 -2118.12
3 1 0 -1924.52 1859.62
4 1 1 -1988.82 -2111.19
5 0 1 1795.39 -1972.72
6 0 1 2354.54 -2020.39
7 0 0 2033.78 1846.89
8 0 1 1680.3 -1964.87
9 0 1 1752.42 -3713.17
10 0 0 2158.13 2124.45
11 0 0 1888.93 1776.92
12 1 1 -1974.61 -2225.73
13 0 0 2275.17 1952.49
14 0 0 2473.94 1824.8
15 1 1 -2016.37 -2309.92
16 0 1 1994.18 -2188.11
17 0 1 2850.28 -2169.81
18 0 0 2162.34 1952.22
19 0 0 2049.82 1857.32
20 1 0 -1927.99 1609.39
21 0 0 2031.25 2237.32
22 1 0 -2056.22 1735.09
23 1 0 -2052.42 1628.81
24 0 0 1969.75 1857.71
25 1 0 -2106.8 1837.09
26 1 1 -2029.3 -2360.31
27 0 1 1951 -2156.24
28 0 1 1829.79 -2043.94
29 0 0 3062.92 1971.18
30 0 1 1970.77 -2277.92
31 0 0 2255.4 2099.22
32 1 1 -1948.8 -2217.5
33 1 0 -2231.67 1824.15
34 1 0 -1987.68 1639.28
35 0 1 1943.88 -2248.33
36 0 1 1668.69 -1941.17
37 0 1 1744.94 -2033.74
38 0 1 1949 -2208.74
39 0 0 2211.1 2100.03
40 0 1 1900.11 -2039.91
41 0 0 2064.72 1826.68
42 0 0 1996.87 1859.73
43 0 1 1930.37 -2043.28
44 1 0 -2115.06 1797.42
45 0 1 1885.46 -3799.79
46 0 0 2149.24 1902.51
47 1 0 -1976.44 1618.88
48 1 0 -2330.22 1656.98
49 0 1 2552.52 -2092.3
50 0 1 1956.32 -2200.94
51 0 1 1695.5 -2003.2
52 1 1 -1962.04 -2181.98
53 1 0 -3820.24 3444.13
54 0 0 4995.59 1895.01
55 0 0 1964.29 1784.31
56 1 1 -1986.55 -2264.56
57 1 1 -1834.08 -2079.18
58 1 0 -2046.13 1840.67
59 0 0 2686.77 1936.35
60 0 1 1804.69 -2061.97
61 1 1 -1931.1 -2211.57
62 0 0 2136.08 2020.35
63 1 0 -2064.17 2101.46
64 1 0 -1999.27 1770.57
65 1 1 -1937.4 -3455.28
66 0 1 1780.69 -1961.06
67 1 0 -2007.97 1707.67
68 0 1 2914.31 -1980.19
69 0 0 2153.39 1948.43
70 0 0 2118.08 1974.15
71 1 0 -1936.39 1626.85
72 1 0 -1918.2 1621.78
73 1 1 -2044.56 -2358.28
74 0 1 1941.49 -2262
75 0 0 2033.07 1868.73
76 0 0 2200.46 2057.87
77 1 0 -2120.37 2066.89
78 1 1 -2287.09 -2263.33
79 1 0 -1983.56 1679.66
80 0 0 2228.22 2039.01
81 1 1 -2758.06 -2361.37
82 0 0 2264.21 2130.71
83 1 0 -2096.29 1763.83
84 0 1 1851.67 -1974.77
85 0 1 1976.74 -2150.35
86 0 0 1951.03 1942.12
87 1 0 -2018.22 1700.17
88 0 0 1970.27 2203.52
89 1 0 -1976.73 1706.66
90 0 0 1928.21 1776.22
91 0 0 2181 2045.28
92 1 0 -2082.86 1792.46
93 1 0 -2098.88 1875.79
94 0 0 2049.19 1835.87
95 0 1 1777.06 -1973.56
96 1 0 -2231.18 1865.24
97 1 0 -2123.04 1884.73
98 0 0 2130.82 3182.63
99 0 1 1876.22 -2122.3
100 1 0 -2000.55 1706.36
101 0 1 1860.36 -2076.42
102 0 0 2136.28 1999.3
103 1 1 -1996.92 -3085.71
104 0 1 1892.83 -2052.38
105 1 0 -2195.49 1887.83
106 1 1 -1916.73 -2166.13
107 0 0 2118.28 1951.09
108 1 1 -2047.88 -2263.76
109 1 0 -6050.7 1664.5
110 1 1 -1942.39 -2313.65
111 0 1 2047.15 -2184.35
112 0 0 2296.2 2069.99
113 0 1 1910.69 -2151.82
114 1 0 -4594.7 2991.12
115 1 0 -2014.47 1721.6
116 0 0 2189.5 1995.54
117 0 1 1893.65 -2027.82
118 1 0 -2052.71 1780.97
119 0 0 2119 1860.18
120 1 0 -1956.03 3288.78
121 1 0 -3748.8 1809.82
122 0 1 1776.29 -2057.04
123 1 0 -1981.84 1702.67
124 1 1 -1997.94 -2348.49
125 0 1 1997.45 -2339.79
126 1 0 -2019.38 1927.62
127 1 1 -2050.67 -2257.81
128 0 0 1936.88 1766.41
129 0 1 1667.13 -3906.41
130 0 0 2142.74 2006.84
131 0 1 1761.46 -2250.27
132 0 0 2126.54 1983.15
133 0 0 2118.54 1958.24
134 0 1 1870.86 -2008.98
135 0 1 1878.78 -2053.75
136 0 1 1889.04 -2086.6
137 1 0 -2117.32 1645.78
138 1 1 -1844.7 -2010.33
139 1 0 -2241.6 1889.99
140 1 0 -2224.31 1965.65
141 1 1 -1855.64 -2135.83
142 0 0 2151.69 2036.11
143 0 1 1982.05 -2238.64
144 0 0 2171.19 1855.36
145 0 1 1903.65 -2196.59
146 1 1 -1904.43 -2187.33
147 0 0 2166.69 2318.85
148 1 0 -1929.09 1616.99
149 0 1 2697.14 -2192.15
150 1 0 -2113.79 1645.73
151 1 0 -2198.27 1720.81
152 0 0 2019.25 1830.92
153 1 0 -2050.85 1821.16
154 0 1 1640.11 -1945.79
155 0 0 2015.8 1941.54
156 1 0 -2057.8 1761.76
157 0 0 2035.81 1845.62
158 1 0 -2763.54 1811.89
159 0 0 2110.22 2668.53
160 0 1 1704.79 -1956.65
161 1 0 -2208.93 1926.6
162 0 1 1958.61 -2185.63
163 1 1 -2010.61 -2246.87
164 0 1 1817.7 -2056.68
165 1 0 -2087.66 1830.58
166 1 1 -2109.08 -2292.94
167 1 0 -2157.58 1837.09
168 1 1 -1985.16 -2226.01
169 0 0 2450.52 2024.71
170 1 1 -1889.69 -2165.11
171 1 1 -1992.62 -2225.57
172 0 0 1991.77 1930.64
173 0 1 1977.82 -2094.7
174 1 0 -2033.83 1965.74
175 0 0 2110.02 1883.72
176 0 0 2162.34 2175.37
177 1 1 -2073.66 -2293.31
178 1 1 -2020.52 -2251.4
179 0 1 1917.57 -2154.78
180 0 1 1947 -2249.11
181 0 0 2832.54 1964.18
182 1 0 -2053.8 1820.72
183 0 1 1900.73 -2100.96
184 0 0 2286.48 2115.94
185 0 1 1784.99 -2036.62
186 0 1 1699.1 -1961.74
187 1 1 -2618.9 -2293.53
188 1 1 -2035.73 -4269.28
189 1 0 -1960.83 1624.93
190 0 0 1958.24 1841.04
191 1 1 -2061.62 -2202.48
192 1 0 -2191.51 1958.48
193 1 0 -2190.11 1908.77
194 0 0 2032.53 1875.46
195 0 1 1770.61 -1991.74
196 0 1 1860.35 -1956.34
197 1 0 -2006.15 4943.35
198 1 0 -2233.1 1917.92
199 0 1 1775 -2196.96
200 0 0 2139.38 1862.09
201 1 1 -2071.38 -2262.17
202 1 1 -1953.72 -2233.99
203 0 1 2064.02 -2085.34
204 0 0 3432.88 1946.83
205 1 1 -1874.2 -2243.68
206 1 0 -2002.66 1716.19
207 0 0 2114.74 1916.75
208 0 0 2043.53 1851.55
209 1 0 -2179.12 1789.6
210 0 1 1734.94 -2026.11
211 0 0 2187.96 2099.12
212 1 0 -2025.54 1667.19
213 1 0 -2178.85 1883.37
214 1 0 -2191.37 1841.83
215 1 1 -2077.38 -2368.37
216 1 1 -1893.21 -2270.12
217 1 1 -1914.6 -2250.99
218 1 0 -2026.62 1703.93
219 1 0 -2177.26 1888.22
220 1 0 -2211.58 1843.02
221 1 1 -1937.32 -2095.68
222 1 0 -1921.66 1584.47
223 1 0 -2006.89 1634.2
224 0 1 1868.03 -2041.19
225 0 0 2209.03 2000.5
226 0 0 2235.27 2017.91
227 0 0 2272.72 2019.07
228 1 0 -1977.93 1598.99
229 1 1 -2064.51 -2265.48
230 1 1 -2560.22 -2087.41
231 1 1 -2017.32 -2257.68
232 0 1 1655.09 -2208.57
233 1 1 -2072.93 -2342.66
234 0 1 1831.68 -2040
235 1 1 -1897.2 -2100.48
236 0 1 1649.7 -2041.18
237 1 1 -2037.52 -2256.48
238 1 0 -2034.44 1709.36
239 0 0 2111.8 2375.97
240 1 0 -2565.62 1948.92
241 0 0 2025.89 1830.49
242 1 1 -1807.26 -2046.64
243 1 0 -1937.88 4853.36
244 0 0 2239.42 2074.87
245 0 0 2151.16 1964.81
246 1 1 -1792.54 -1976
247 0 1 3318.02 -1908.64
248 0 1 1917.41 -2176.1
249 1 0 -2054.83 1873.58
250 0 1 1815.21 -2114.5
251 0 0 2769.67 3523.84
252 1 0 -2060.04 1707.17
253 1 0 -1973.14 1638.17
254 1 1 -1864.91 -2965.17
255 1 0 -2144.56 1665.69
256 1 1 -1948.6 -2209.61
257 0 1 1786.16 -2121.04
258 0 0 1929.78 1823.79
259 0 0 2314.78 1961.05
260 1 1 -2065.75 -2277.53
261 0 0 2126.71 1966.08
262 1 0 -4210.27 1697.24
263 1 1 -1969.06 -2200.27
264 1 0 -2114.03 1683.31
265 1 0 -2072 1774.11
266 1 0 -1990.15 2048.74
267 1 1 -1996.39 -2170.43
268 1 0 -1980.06 1630.72
269 1 0 -2174.6 1936.88
270 1 0 -1980.21 1687.41
271 0 1 1923.79 -2146.92
272 0 1 1787.16 -2277.7
273 1 1 -1986.6 -2241.95
274 0 0 1919.74 1759.45
275 0 1 1954.86 -2219.56
276 0 1 1912.64 -2193.32
277 1 0 -2196.21 1730.88
278 0 1 1723.23 -1882.62
279 0 0 2344.71 2035.12
280 1 1 -1910.47 -2224.09
281 1 1 -2061.84 -4968.79
282 0 1 1944.99 -2238.82
283 1 0 -1937.41 2489.12
284 1 0 -2042.16 1736.59
285 0 1 1682.6 -1957.98
286 0 1 1848.81 -2102.82
287 0 1 2052.26 -2251.97
288 1 0 -2089.37 1652.14
289 1 1 -2068.58 -2386.96
290 0 1 1902.96 -2220.62
291 1 0 -2114.86 1812.75
292 0 1 5771.99 -5141.18
293 1 1 -1784.41 -1976.57
294 1 1 -1976.25 -2182.56
295 0 0 1904.64 1813.66
296 0 0 2714.39 1962.27
297 0 1 1842.15 -2001.78
298 1 0 -2036.75 1667.6
299 0 1 1918.61 -2190.58
300 1 0 -2168.15 1805.72
301 0 1 1741.4 -2244.86
302 1 1 -1920.35 -2171.67
303 0 0 2079.5 2111.7
304 1 1 -2071.75 -2109.51
305 1 0 -3997.42 1659.69
306 1 1 -1968.1 -2316.03
307 0 0 1950.33 1821.5
308 1 0 -2163.03 1704.42
309 0 0 1936.03 1870.33
310 1 0 -2026.07 1754.1
311 0 1 1907.03 -2227.79
312 0 1 1737.17 -2925.77
313 1 0 -2042.29 1716.2
314 1 0 -1979.24 1677.95
315 1 0 -2129.34 1792.59
316 0 1 1866.28 -2041.01
317 0 0 2195.1 2013.46
318 1 1 -1971.75 -2169.34
319 1 1 -1927.23 -2289.78
320 1 1 -2176.98 -2204.92
321 1 1 -2130.19 -2304.01
322 0 1 1777.06 -1959.62
323 1 0 -2000.51 1780.45
324 1 1 -1997.39 -2205.76
325 0 0 2080.06 2120.46
326 0 0 1883.45 1807.21
327 1 0 -2018.47 1718.57
328 1 1 -2072.96 -2205.99
329 0 0 2113.64 1940.08
330 0 1 2223.67 -2431.28
331 1 1 -1955.6 -2232.25
332 1 0 -2177.73 1819.3
333 0 0 1938.71 1893.19
334 0 1 1847.73 -2025.62
335 1 1 -1853.39 -2036.54
336 1 0 -3576.01 1756.59
337 1 0 -5577.02 2089.85
338 1 0 -2084.84 1619.83
339 1 1 -1865.84 -2402.35
340 1 1 -1971.71 -2622.65
341 0 1 1943.77 -2139.54
342 1 0 -1981.79 1872.16
343 0 0 2252.63 2175.05
344 1 0 -2318.15 1804.94
345 1 0 -1964.3 1748.72
346 0 1 1831.63 -2096.07
347 0 1 1903.64 -2196.33
348 1 0 -2140.24 1788.46
349 1 1 -2079.78 -2168.22
350 0 1 1752.53 -2076.11
351 1 1 -2170.24 -2288.21
352 0 1 3940.81 -2042.43
353 1 0 -2002.16 1679.36
354 1 1 -1928.66 -2170.52
355 1 0 -2021.49 1778.94
356 0 0 2112.08 1864.75
357 1 0 -2720.57 1793.06
358 1 1 -2173.75 -2320.92
359 1 1 -1879.62 -2155.71
360 0 0 2691.81 2019.42
361 1 0 -2009.27 2863.61
362 0 0 2026.54 1894.39
363 0 0 2164.62 2019.04
364 0 1 1880.42 -2036.74
365 1 0 -2186.5 1966.48
366 1 0 -3042.7 1667.79
367 1 0 -2061.87 1770.93
368 0 0 1938.5 1816.26
369 1 0 -1960.25 1665.77
370 1 0 -2324.01 1764.1
371 1 0 -2007.33 1696.46
372 1 0 -2030.54 1783.55
373 0 1 1901.59 -2018.41
374 0 0 2068.99 2047.33
375 0 1 1827.79 -2046.36
376 0 1 1992.89 -2250.71
377 0 1 1903.61 -2063.16
378 1 0 -2023.81 1723.65
379 1 1 -2099.77 -2280.18
380 1 0 -1938.31 1803.36
381 0 1 1771.54 -2004.7
382 1 1 -2445.94 -2152.67
383 1 1 -2017.49 -2253.99
384 1 0 -1993.36 2173.39
385 1 1 -2108.53 -2456.11
386 1 1 -2112.99 -2313.67
387 1 0 -2016.84 1588.71
388 0 1 1847.75 -2118.65
389 1 1 -2054.14 -2279.73
390 1 1 -1920.83 -2347.29
391 0 1 1896.64 -2223.19
392 0 0 2139 1961.73
393 1 0 -2119.27 2001.72
394 0 0 2115.56 2066.77
395 0 0 2031.26 1992.72
396 0 1 1954.52 -2423.35
397 0 1 2025.87 -2098.89
398 0 0 2271.22 2043.27
399 0 0 2165.52 1962.04
400 0 0 2068.42 1878.05
401 1 0 -2120.41 1705.6
402 0 0 2068.46 1973.16
403 0 0 2119.3 1944.5
404 0 1 1855.47 -2158.33
405 0 1 1797.47 -1997.03
406 1 1 -2112.96 -2637.99
407 0 0 2124.45 1965.98
408 0 0 1928.92 1749.31
409 1 1 -1989.94 -2201.17
410 1 1 -1850.45 -2029.94
411 0 0 2192.11 2115.19
412 1 1 -2195.98 -2319.82
413 0 1 1931.3 -2107.1
414 1 1 -1916.94 -2000.12
415 0 1 1713.92 -2168.01
416 0 1 1874.51 -2119.6
417 0 0 2056.24 3026.69
418 1 0 -2006.9 1776.44
419 0 0 2041.72 1893.91
420 0 1 2175.74 -2169.59
421 0 0 3353.21 1849.41
422 0 1 1996.64 -2185.96
423 1 0 -2194.62 1816.08
424 0 0 2245.3 1933.62
425 0 0 1975.94 1902.59
426 0 0 2897.08 1832.83
427 0 1 1701.07 -2205.51
428 0 1 1853.39 -2260.39
429 1 1 -2044.97 -2269.42
430 0 0 1943.79 1859.96
431 0 0 2153.69 1869.2
432 1 1 -2051.49 -2483.61
433 0 0 2139.25 1967.75
434 1 0 -2224.81 1813.06
435 0 1 4175.95 -2033.07
436 0 0 2164.83 2019.19
437 0 0 1988.15 1883.43
438 1 1 -1908.55 -2202.99
439 0 1 1888.4 -2152.55
440 0 0 1920.32 2088.65
441 0 1 1987.61 -2272.43
442 0 1 2069.98 -2229.13
443 1 1 -2047.76 -2355.36
444 0 1 1853.71 -2053.26
445 1 1 -1924.28 -2171.88
446 1 1 -2549.73 -2230.97
447 0 1 1882.8 -2157.59
448 1 1 -2021.4 -2385.79
449 0 0 2244.96 1962.28
450 1 0 -1987.18 1982.82
451 0 0 2224.67 1897.34
452 0 1 1848.69 -2929.6
453 1 0 -2673.11 1653.64
454 1 1 -2089.08 -2267.28
455 0 1 1879.44 -2172.7
456 0 0 2180.81 2069.53
457 1 0 -1973.47 1669.39
458 0 1 1830.09 -2115.05
459 0 1 1921.66 -2186.75
460 1 1 -2175.44 -2334.01
461 0 0 2071.56 1877.89
462 1 1 -4070.93 -2180.38
463 0 0 1924.74 1824.63
464 1 0 -2005.36 1991.86
465 1 0 -2203.28 1859.59
466 0 1 1787.67 -1990.02
467 0 1 1804.22 -1970.58
468 1 1 -2039.84 -4405.63
469 0 0 1927.24 1743.79
470 1 0 -2089.74 1842.7
471 0 0 4472.51 1834.97
472 1 0 -2021.34 1721.69
473 1 1 -1964.7 -2196.33
474 0 1 1656.89 -1956.98
475 0 1 1964.79 -2219.07
476 0 1 1762.13 -2141.35
477 1 0 -2035.44 1984.02
478 1 1 -1867.72 -2107.79
479 0 1 1858.42 -2053.39
480 1 0 -2266.13 1873.54
481 1 1 -3191.48 -2090.88
482 0 0 2188.69 1927.87
483 0 0 2043.31 1850.97
484 0 0 2224.99 2008.35
485 0 0 2193.09 1994.7
486 0 0 2145.67 1951.45
487 0 0 2175.63 1969.2
488 0 1 1956.21 -2342.97
489 0 0 2158 2047.86
490 1 0 -2139.83 1917.81
491 0 0 2235.93 2071.96
492 1 1 -1946.08 -2290.13
493 0 1 1728.69 -4760.83
494 1 0 -2275.73 1875.13
495 1 0 -2106 1852.41
496 0 0 2113.5 3082.48
497 0 1 1784.94 -2350.16
498 1 0 -1978.91 1746.48
499 1 1 -1865.97 -2161.32
500 1 1 -2033.54 -2237.24
501 1 0 -2225.04 1869.9
502 0 1 1832.58 -2079.91
503 1 0 -2116.88 1792.49
504 1 0 -2252.49 2539.64
505 1 1 -2070.51 -2025.87
506 0 1 1900.94 -2055.31
507 0 0 2205.88 1963.52
508 1 0 -1900.37 1659.49
509 1 0 -1983.92 1688.51
510 1 0 -2111.69 1821.25
511 0 0 2013.91 1899.67
