0 0 1 7147.05 -7392.49
1 0 0 19785.7 7109.85
2 0 1 7443.53 -7596.89
3 1 1 -7460.1 -7287.47
4 1 1 -7293.78 -7035.41
5 0 0 7045.65 7465.06
6 1 0 -7357.24 18690.2
7 0 0 7102.63 7541.94
8 0 0 7003.75 7120.26
9 0 1 7297.31 -7767.08
10 0 1 7252.11 -7416.35
11 1 1 -7344.71 -7279.5
12 1 1 -7463.57 -7356.13
13 0 1 7372.84 -7633.84
14 1 0 -7404.11 7467.11
15 1 1 -7359.32 -7015.9
16 0 1 7355.99 -7735.33
17 1 0 -7406.82 7442.51
18 1 0 -7795.28 7891.7
19 0 0 7176.84 7397.86
20 1 1 -7490.97 -7198.31
21 0 0 7053.88 7116.8
22 1 0 -7778.81 7587.83
23 1 1 -7381.84 -7217.59
24 1 1 -7311.23 -7171.08
25 0 0 6872.03 7413.19
26 0 0 6836.29 7789.86
27 1 1 -7391.73 -7278.59
28 0 1 7123.14 -7712.69
29 1 1 -7409.16 -7411.26
30 1 1 -6992.62 -6750.36
31 1 1 -7324.19 -7167.13
32 0 1 7203.84 -7591.77
33 1 0 -7545.71 7517.17
34 1 0 -7221.21 7250.78
35 1 0 -7783.46 7733.18
36 0 1 7284.33 -7654.18
37 0 1 7197.64 -7538.31
38 0 1 7321.99 -7649.8
39 1 1 -7487.46 -7414.95
40 1 1 -7300.28 -7322.56
41 0 0 6831.5 7128.21
42 1 1 -7117.79 -6900.03
43 1 0 -7338.62 7525.39
44 1 1 -7353.77 -7207.27
45 0 1 7134.72 -7509.31
46 0 1 7179.07 -7361.75
47 0 1 7374.3 -7583.27
48 1 1 -7059.69 -6936.09
49 1 0 -7396.9 8404.73
50 1 1 -7342.76 -7168.53
51 1 0 -7601.45 7555.81
52 0 0 6879.34 7120.01
53 1 1 -7078.65 -6988.81
54 0 0 7033.68 7477.88
55 1 1 -7264.55 -7192.87
56 1 0 -7721.36 7672.78
57 0 1 7158.59 -7246.03
58 0 1 21884.3 -7240.87
59 1 0 -7876.5 7745.3
60 0 0 6780.49 7052.72
61 1 0 -7846.53 7542.14
62 1 1 -7285.92 -7134.81
63 0 1 7362.29 -7648.2
64 1 1 -7326.22 -7157.2
65 0 1 7313.64 -7660.67
66 0 0 7139.97 7390.09
67 1 1 -8233.72 -7406.2
68 0 1 7273.79 -7614.79
69 1 0 -7288.18 7285.22
70 0 0 6871.63 7307.32
71 0 0 6966.9 9164.44
72 0 0 7090.18 7423.15
73 0 0 7034.99 7200.68
74 1 0 -7616.7 7659.27
75 0 0 6726.64 7197.15
76 0 0 7136.72 7248.25
77 1 0 -7787.36 7722.69
78 1 0 -7382.65 7277.67
79 1 1 -20896.3 -7394.11
80 0 1 7075.83 -8050.43
81 0 1 7306.44 -7373.54
82 1 0 -7760.57 7714.53
83 1 1 -7241.6 -7018.44
84 0 0 7118.92 7638.72
85 1 1 -7475.22 -7335.18
86 0 1 7156.87 -7315.76
87 1 0 -7210.57 7136.94
88 0 1 7710.8 -7217.12
89 0 0 6760.44 7093.44
90 1 0 -7676.44 7606.62
91 1 0 -7276.95 7334.96
92 0 0 6739.02 7026.25
93 0 1 7056.3 -7152.45
94 1 0 -7894.63 7516.16
95 1 0 -7546.07 7925.42
96 1 1 -7364.2 -7265.73
97 0 0 6994.17 7343.49
98 1 1 -7448.06 -7300.89
99 1 1 -7292.6 -7149.78
100 1 0 -7493.02 7372.51
101 0 0 6935.58 7316.56
102 1 0 -7366.09 7362.02
103 0 1 7153.1 -7355.09
104 1 1 -7257.21 -6926
105 0 1 7599.76 -7735.22
106 0 1 7542.94 -7710.53
107 0 1 7216.9 -8101.46
108 1 0 -7627.39 7655.33
109 0 0 7123.52 7519.31
110 1 0 -7609.54 7536.63
111 0 0 7109.08 7608.82
112 1 1 -7332.38 -6960.86
113 1 0 -7305.38 7215.06
114 1 0 -7647.59 7371.1
115 1 0 -7319.66 7313.44
116 1 0 -7640.35 7635.55
117 0 0 7079.76 7312.21
118 1 1 -7304.8 -7113.66
119 1 0 -7788.91 7543.22
120 0 0 6837.5 7207.33
121 0 0 7018.79 7374.31
122 0 1 7265.91 -7157.15
123 1 0 -7648.2 7698.96
124 1 0 -7815.2 7740.99
125 1 0 -7358.54 7335.16
126 0 1 7578.19 -7522.17
127 1 0 -7633.13 7637.18
128 0 1 7305.2 -7735.39
129 1 1 -7428.23 -7258.07
130 0 1 7145.38 -7487.95
131 1 1 -7084.49 -6821.71
132 0 0 7112.3 7515.2
133 0 0 7112.13 7420.24
134 0 1 7651.43 -7424.81
135 1 0 -7805.5 7525.64
136 1 1 -7522.69 -7191.12
137 0 1 7875.6 -7309.95
138 1 1 -7216.49 -6943.03
139 1 0 -7604.62 7656.31
140 0 1 7267.53 -7427.83
141 0 1 7060.6 -7300.87
142 1 1 -7312.32 -7154.99
143 1 1 -7138.33 -7000.13
144 0 1 7387.97 -7576.73
145 1 1 -7064.15 -6865.6
146 0 0 6958.77 7169.34
147 1 1 -7230.14 -6784.28
148 0 1 7019.45 -7124.52
149 1 0 -7224.28 7286.07
150 1 1 -7041.08 -6722.4
151 1 1 -7423.62 -7201.34
152 0 1 7173.15 -7216.19
153 0 1 7300.76 -7628.34
154 1 1 -7222.68 -7655.32
155 1 0 -8959.26 7531.87
156 0 1 7887.56 -8144.01
157 0 0 7009.65 7496.18
158 1 1 -7451.65 -7211.82
159 1 0 -7399.21 7337.04
160 1 0 -7788.22 8902.3
161 0 0 6906.61 7074.13
162 0 1 7221.7 -7383.63
163 0 1 7413.08 -7618.43
164 1 0 -7668.37 7634.3
165 1 1 -7358.41 -7694.42
166 0 0 7169.57 7373.9
167 1 1 -7406.84 -7191.01
168 0 0 7159.24 7371.15
169 1 0 -7947.41 7494.56
170 1 0 -7172.48 7132.12
171 1 1 -7447.33 -7013.66
172 0 0 6879.1 7041.29
173 0 0 6873.41 7279.01
174 1 0 -7669.2 7528.65
175 1 1 -7950.65 -6900.57
176 0 0 7021.7 7301.71
177 1 0 -7422.15 8563.29
178 1 0 -7403.68 7397.92
179 1 1 -7085.97 -6820.82
180 0 0 7055.42 7469.04
181 0 1 7223.66 -8051.8
182 0 0 7187.72 7535.03
183 0 0 6930.75 9437.49
184 1 1 -7190.47 -7196.2
185 0 0 7184.86 7640.93
186 0 1 7580.64 -7502.94
187 1 1 -7247.67 -7041.04
188 0 1 7404.53 -7711.68
189 1 0 -7259.28 7294.52
190 1 1 -7334.13 -6997.09
191 1 1 -8070.54 -6730.52
192 0 1 7617.56 -7803.2
193 0 0 7328.66 7906.95
194 1 0 -7761.62 8438.11
195 1 0 -7394.87 24828.1
196 1 0 -7689.82 7611.54
197 1 1 -7154.15 -6955.31
198 1 0 -7640.63 7523.95
199 1 1 -7361.46 -7312.94
200 0 1 7770.53 -7291.34
201 0 0 7025.16 7443
202 0 1 7357.83 -7800.87
203 1 1 -7602.48 -7341.76
204 0 1 7286.7 -7553.98
205 1 0 -7226.44 7443.22
206 1 1 -7294.69 -7152.26
207 1 0 -7314.98 7321.17
208 0 1 7400.38 -7659.84
209 1 1 -7414.94 -7239.29
210 1 1 -7075.02 -6770.95
211 1 0 -7302.45 7411.53
212 0 1 7072.77 -7127.81
213 1 0 -7627.35 7695.07
214 0 0 6937.7 13853.5
215 1 0 -7400.07 7350.66
216 1 0 -7397.89 7367.19
217 1 1 -7358.73 -7286.3
218 1 0 -7273.16 7197.42
219 1 0 -7697.53 7784.69
220 0 1 7388.93 -7712.33
221 0 0 7148.46 7582.55
222 1 0 -7676.61 7498.31
223 1 0 -7748.11 7669.97
224 0 0 7165.64 7514.52
225 0 0 6884.47 7280.18
226 0 1 7359.04 -8237.59
227 0 1 7363.05 -7584.56
228 0 1 7182.6 -7517.88
229 0 1 13481.2 -7395.34
230 1 1 -7358.87 -7034.73
231 0 1 7644.67 -7770.41
232 0 0 7183.8 7491.6
233 0 1 7348.5 -7727.11
234 1 0 -7502.9 7496.07
235 1 0 -7370.28 7256.01
236 1 1 -7217.64 -7085.04
237 0 1 7010.7 -7515.97
238 0 1 7285.64 -7565.02
239 1 1 -7450.44 -7221.76
240 1 1 -7404.38 -7401.8
241 0 0 7029.02 7511.27
242 1 1 -7323.66 -7126.3
243 0 1 7397.3 -7691.45
244 0 1 7252.43 -7416.63
245 1 0 -7846.66 7534.84
246 0 0 6697.26 7072.13
247 0 1 7129.2 -7398.03
248 0 1 7224.55 -7162.17
249 1 0 -7458.42 7490.18
250 0 0 7152.42 7304.05
251 1 0 -7682.85 7627.54
252 1 0 -8317.58 7118.94
253 1 1 -7307.88 -7079.05
254 1 0 -7616.32 7511.87
255 0 1 7099.98 -7654.86
256 0 0 6764.72 7101.91
257 1 1 -7381.56 -7341.64
258 1 1 -7418.49 -7440.44
259 0 1 7390.99 -9707.74
260 1 1 -7206.4 -6878.39
261 0 0 7014.07 7343.12
262 1 1 -7407.02 -7261.52
263 1 1 -7284.79 -7281.52
264 0 1 7319.18 -7667.66
265 0 0 7006.99 7359.17
266 0 1 7490.45 -7608.36
267 0 1 7414.37 -7692.52
268 0 0 6935.4 9721.31
269 0 1 7130.26 -7092.42
270 0 0 6983.71 7340.38
271 1 0 -7649.31 7553.84
272 0 1 7768.14 -7124.44
273 1 1 -7381.67 -7201.44
274 0 0 6897.87 7155.62
275 1 1 -7061.37 -6902.94
276 1 0 -7330.32 7455.92
277 0 0 6962.75 7207.36
278 1 1 -7409.79 -7301.02
279 1 1 -7334.65 -7198.75
280 0 0 6661.77 7106.91
281 1 0 -7640.65 7428.39
282 1 1 -7379.37 -7232.34
283 0 0 6930.36 7075.56
284 0 0 7032.97 7451.27
285 0 0 7047.44 7574.2
286 0 1 7610.31 -7734.72
287 0 0 6900.04 7210.52
288 1 1 -7397.18 -7129.18
289 0 0 6986.06 7392.87
290 0 1 7329.66 -7213.16
291 0 0 7631.9 7153.13
292 0 0 6917.91 7236.93
293 0 1 7217.74 -7495.96
294 1 1 -7136.19 -6841.11
295 1 1 -7167.75 -6983.36
296 1 1 -7311.8 -7190.42
297 1 0 -7250.51 7288.25
298 1 0 -7278.6 7237.7
299 0 0 6762.29 7299.64
300 0 1 7159.35 -7349.16
301 1 0 -7582.5 7391.14
302 0 0 6860.64 7010.02
303 0 1 7298.36 -7760.63
304 0 0 6779.43 7085.6
305 0 0 7136.55 7338.98
306 0 1 7256.08 -7165.96
307 0 0 6758.73 7208.72
308 1 0 -7646.39 7535.84
309 0 0 7157.68 7338.59
310 0 1 7446.67 -7830.2
311 0 0 7102.34 7604.89
312 1 0 -7213.34 7274.12
313 0 0 6775.16 7055.69
314 1 0 -7365.87 16357.6
315 1 1 -7172.18 -7033.45
316 1 1 -7262.97 -7035.87
317 1 1 -7394.66 -7275.44
318 0 0 7177.63 7601.19
319 1 0 -7753.65 7692.8
320 1 0 -7236.7 7215.48
321 1 0 -7516.43 7482.24
322 0 1 7237.18 -7721.01
323 0 1 7424.41 -7594.66
324 1 1 -7426.7 -7373.38
325 1 0 -7474.59 7429.33
326 0 1 7414.44 -7591.15
327 1 0 -7706.75 7638.4
328 1 1 -7163.42 -6855.75
329 1 0 -7787.27 7563.88
330 0 0 7129.79 7386.32
331 1 0 -7701.31 7624.37
332 0 0 7091.25 7327.42
333 0 0 6913.02 7150.78
334 1 0 -7742.64 7636.31
335 1 0 -9387.07 7444.14
336 0 1 7350.74 -7663.06
337 0 0 6882.17 7111.71
338 0 1 7113.45 -7199.01
339 1 1 -7250.86 -7172.88
340 1 1 -7073.95 -6724.31
341 0 0 7028.16 7509.77
342 1 0 -7380.71 7290.09
343 0 0 6995.43 7483.41
344 0 1 7627.6 -7769.13
345 1 0 -7393.22 7905.53
346 0 1 7900.85 -7131.85
347 0 0 7135.77 7400.87
348 1 0 -7655.31 7505.36
349 0 0 7107.52 7117.57
350 0 0 7050.39 7457.74
351 0 0 7141.16 7348.63
352 0 1 8251.03 -7445.67
353 0 0 6793.14 7023.8
354 0 1 7679.36 -7305.6
355 1 1 -7360.92 -7976.93
356 0 1 7141.35 -7151.71
357 1 1 -7267.77 -7080.67
358 1 1 -7455.14 -7294.45
359 1 1 -7387.13 -7252.54
360 0 1 9526.9 -7217.05
361 1 1 -7418.78 -7248
362 1 1 -7405.39 -7232
363 1 0 -7436.44 7408.62
364 0 1 7452.05 -7646.02
365 1 1 -6962.78 -6650.05
366 0 1 7135.73 -7326.38
367 1 1 -7300.36 -7195.7
368 0 0 6997.98 19151
369 0 1 7219.94 -7464.18
370 0 1 7282.65 -7538.02
371 1 0 -7649.05 7513.94
372 0 1 7226.14 -7848.11
373 0 1 7220.49 -7742.24
374 1 0 -7766.55 7722.21
375 0 0 6986.37 7362.84
376 1 0 -7636.31 7618.3
377 1 1 -7486.45 -7377.13
378 0 0 6984.84 7218.65
379 1 0 -7316.44 7250.97
380 0 1 7010.51 -7122.45
381 0 0 7073.61 7361.71
382 0 1 7421.8 -7773.42
383 0 1 7317.8 -7540.47
384 0 0 6837.15 7845.67
385 0 1 7920.11 -7567.18
386 0 0 6722.94 7105.06
387 1 0 -7762.35 7722.71
388 1 1 -7321.07 -6957.21
389 1 0 -7703 7693.52
390 0 1 9721.77 -7458.71
391 0 1 7209.48 -9640.27
392 0 1 7331.36 -7720.2
393 1 1 -7329.27 -7281.92
394 0 0 7127.9 7583.71
395 0 0 7239.89 7119.74
396 0 0 7116.28 7604.95
397 1 1 -7230.84 -7008.95
398 1 0 -7401.26 7470.92
399 1 0 -7521.77 7373.8
400 0 0 7005.16 7188.11
401 1 0 -21429.1 7330.19
402 1 0 -7733.3 7653
403 0 0 6882.99 7320.02
404 0 1 7232.54 -7553.49
405 0 0 6984.46 7337.58
406 1 0 -7329.89 7475.63
407 1 0 -9007.16 7603.28
408 1 1 -7507.25 -7362.65
409 0 1 7274.53 -7379.81
410 0 1 7062.88 -15186.2
411 0 0 7180.05 7374.82
412 0 0 7071.1 7533.24
413 1 0 -7325.71 7410.19
414 1 0 -8115.75 7566.68
415 0 1 7022.72 -7155
416 1 0 -7545.69 7463.43
417 0 1 7346.07 -7612.5
418 0 1 7056.93 -7125.92
419 1 1 -7420.27 -7244.16
420 1 0 -7818.86 7649.9
421 1 0 -7615.6 7624.24
422 1 0 -7318.41 7381.64
423 0 1 7268.37 -7430.59
424 1 1 -7510.68 -7362.77
425 0 0 7211.98 8429.63
426 0 0 7028.46 7454.73
427 1 0 -7800.38 7619.73
428 1 0 -7343.07 7363.72
429 0 1 7293.08 -7804.02
430 1 1 -7242.79 -7193.01
431 1 0 -7368.65 7395.4
432 0 1 7804.4 -7841.6
433 1 1 -7291.11 -7180.27
434 0 0 7234.82 7431.99
435 1 1 -7258.83 -7637.71
436 0 1 7299 -7694.41
437 1 0 -7354.63 7169.51
438 1 0 -7732.68 7596.84
439 0 0 7040.08 7420
440 0 0 6980.56 7189.1
441 1 1 -7354.44 -7008.92
442 1 1 -7437.7 -7274.65
443 1 1 -7281.71 -7059.44
444 1 0 -7262.14 7306.22
445 1 0 -7625.08 7512.85
446 0 0 7122.78 7500.83
447 0 0 6972.02 7470.18
448 1 1 -7078.12 -6878.21
449 0 0 6886.28 7108.3
450 1 0 -7628.74 7285.14
451 0 1 7630.59 -7754.71
452 0 1 7402.53 -7759.76
453 0 0 14127.9 7131.86
454 0 1 7162.51 -7376.08
455 1 1 -7483.6 -7491.52
456 0 1 7449.89 -7667.85
457 0 1 7391.4 -7628.15
458 0 1 7261.25 -7603.65
459 1 0 -8334.52 7739.46
460 0 0 7088.29 7372.2
461 0 1 7353.19 -7701.11
462 1 0 -7453.08 7501.77
463 1 0 -7742.64 7595.59
464 1 1 -7154.3 -6952.89
465 0 1 7247.44 -8087.36
466 1 0 -7740.9 7775.88
467 0 0 7028.01 7377.02
468 1 0 -7791.72 7737.7
469 0 0 6937.26 13011.1
470 1 0 -7539.36 7495.16
471 1 0 -7720.08 7616.74
472 1 1 -7201.88 -7049.92
473 0 0 7008.45 7405.17
474 0 0 6982.45 7078.16
475 1 1 -7443.49 -7401.52
476 0 0 6895.13 7110.64
477 0 0 7017.72 7232.42
478 0 0 6846.09 7076.93
479 1 1 -7430.31 -7165.71
480 1 1 -7159.54 -7259.38
481 1 1 -7078.29 -7256.76
482 0 0 7147.02 7405.81
483 0 1 7437.59 -8033.25
484 1 1 -7322.18 -7014.94
485 1 1 -7494.94 -7366.65
486 1 0 -7653.16 7365.44
487 0 1 7416.16 -7349.43
488 1 0 -7180.07 7152.36
489 1 1 -7265 -6946.87
490 0 1 7406.33 -7681.08
491 1 1 -7453.23 -7260.21
492 1 0 -11988.6 7596.38
493 1 0 -7272.98 7244.74
494 1 1 -7373.55 -7146.24
495 0 1 7642.55 -7803.64
496 0 0 7195.99 7515.78
497 0 1 7244.69 -7310.27
498 0 0 6807.47 7057.17
499 0 1 7394.3 -7701.5
500 1 0 -7775.17 7759.62
501 1 0 -7702.35 7713.46
502 1 1 -7374.87 -7252.07
503 1 1 -9472.62 -6923.24
504 1 0 -7690.89 7611.73
505 1 0 -7350.92 7420.05
506 0 0 6964.08 7108.77
507 0 0 6741.96 7070.56
508 1 1 -7109.92 -6831.23
509 0 1 7127.38 -7240.5
510 0 0 7109.58 7573.9
511 0 1 7616.05 -7783.84
512 1 0 -7401.74 8050.58
513 1 0 -7728.6 7627.7
514 1 0 -7651.38 7665.05
515 0 1 7102.34 -7267.76
516 1 1 -7101.28 -6809.13
517 0 0 7101.06 7565.22
518 0 0 7176.56 7575.39
519 1 1 -7220.06 -7084.15
520 1 0 -7607.65 7665.41
521 0 1 7365.56 -7706
522 0 1 7269.34 -7587.78
523 1 0 -7432.6 7378.99
524 0 1 7331.24 -7726.36
525 1 0 -7706.32 7716.59
526 0 0 7110.18 7447.41
527 1 0 -7679.82 7778.7
528 1 1 -7290.15 -7149.02
529 0 0 7062.88 7437.33
530 0 1 7548.94 -7820.62
531 1 1 -7427.72 -7018.38
532 0 0 6995.81 7406.42
533 0 0 7104.61 7459.91
534 1 0 -7637.99 7546.59
535 0 1 7413.8 -7581.93
536 0 0 7151.76 7572.71
537 0 1 7190.09 -7520.94
538 1 0 -7561.92 7385.54
539 1 0 -7348.11 7377.01
540 1 1 -8878.61 -7034.81
541 1 0 -7956.24 7596.79
542 1 1 -7171.23 -6974.02
543 1 1 -7259.88 -6935.75
544 0 1 12110.5 -7222.2
545 0 1 7316.84 -7117.69
546 0 1 7332.41 -7229.21
547 0 0 6834.55 7208.85
548 0 0 6971.4 7388.26
549 1 1 -7391.45 -8685.68
550 1 1 -7075.85 -6837.56
551 0 1 7080.37 -7263.15
552 0 1 7422.83 -7574.81
553 0 0 7115.02 7369.97
554 0 0 6825.58 7214.15
555 0 1 7055.8 -7094.82
556 0 1 7293.68 -7579.65
557 1 1 -7276.02 -7223.77
558 1 1 -7439.46 -7169.13
559 0 1 7084.87 -7272.25
560 1 1 -7450.18 -6930.07
561 1 0 -7519.15 7333.33
562 0 0 6903.13 9147.89
563 1 0 -7840.76 7586.63
564 1 0 -7421.13 7452.94
565 0 0 6991.57 7386.26
566 1 0 -7324.36 7528.49
567 0 1 7309.51 -7534.81
568 1 0 -7655.59 7705.71
569 0 1 7330.25 -7765.34
570 0 1 7290.76 -7579.59
571 0 0 16269.4 7128.03
572 1 1 -7119.11 -6746.47
573 1 0 -7290.8 7296.31
574 1 0 -7380.18 7392.29
575 1 1 -7149.8 -10278.9
576 0 0 7118.51 7632.19
577 0 1 7241.22 -9322.5
578 1 1 -7157.79 -6866.91
579 0 0 6769.24 7065.46
580 0 0 7073.61 7363.77
581 1 0 -7419.9 7383.29
582 1 0 -7393.95 7384.55
583 0 0 6960.18 7164.79
584 0 0 7052.76 7557.05
585 1 1 -7455.96 -7158.13
586 1 1 -7054 -6861.46
587 1 1 -7416.02 -7275.86
588 1 1 -7426.28 -7333.24
589 0 1 7076.54 -7090.9
590 0 0 7142.97 7609.34
591 1 1 -7362.77 -7151.64
592 0 0 6948.68 7361.91
593 1 1 -7441.39 -7170.62
594 1 0 -7709.06 7718.2
595 0 1 7634.67 -7545.15
596 0 1 7055.36 -7222.76
597 0 0 6719.57 7077.82
598 1 0 -7757.51 7672.71
599 1 1 -7395.28 -7366.27
600 1 0 -7333.34 7346.23
601 1 1 -7419.11 -7672.17
602 0 0 7043.7 7066.6
603 0 0 6734.56 7552.09
604 0 0 7157.46 7590.01
605 1 1 -7406.44 -7308.14
606 0 1 7317.76 -7673.87
607 0 1 7344.29 -7716.16
608 1 0 -7497.98 16838.9
609 0 0 7106.91 7620.55
610 1 0 -7638.55 7541.9
611 1 1 -7366.95 -7194.22
612 0 1 7377.51 -7210.78
613 0 0 6701.93 7620.22
614 1 1 -7405.4 -7365.23
615 0 1 7079.62 -9664.3
616 1 0 -12210.4 7607.01
617 0 1 7140.69 -7352.12
618 0 0 7656.58 7090.04
619 0 0 6986.65 7122.65
620 1 0 -7195.89 7457.68
621 0 1 7076.44 -7187.65
622 0 0 6822.05 7162.81
623 1 0 -7649.54 7567.03
624 1 0 -7671.02 7531.68
625 0 0 6844.91 7168.47
626 1 0 -7701.63 7596.49
627 0 0 6958.14 7151.25
628 0 0 6963.64 7127.14
629 1 1 -7450.91 -7261.13
630 0 1 11752.9 -7122.62
631 0 0 6868.15 7087.38
632 1 0 -7640.8 7669.79
633 1 1 -7407.18 -7166.54
634 0 0 7141.71 7374.8
635 0 1 7216.03 -11698.2
636 0 0 7106.27 7571.74
637 1 1 -7212.35 -7106.08
638 1 1 -7050.2 -6935.07
639 1 1 -7300.47 -7075.66
640 0 0 7016.58 7517.75
641 0 1 7215.25 -7805.5
642 0 0 6969.38 7152.94
643 0 0 7017.36 7342.38
644 0 0 7200.34 7174.39
645 1 0 -7640.84 7716.86
646 1 1 -7380.67 -7199.7
647 1 1 -7172.29 -7105.34
648 1 0 -7761.84 7553.57
649 0 0 7033.17 7134.32
650 1 1 -7456.33 -7256.41
651 1 0 -7826.39 7658.23
652 0 0 7007.6 7347.37
653 0 1 7334.77 -7644.47
654 1 1 -7428.95 -7170.48
655 0 0 6778.11 7179.29
656 0 0 7200.4 8633.49
657 0 0 7114.27 7572.42
658 0 1 7357.1 -7452.63
659 0 1 7391.92 -7731.16
660 1 0 -7644.01 7547.76
661 0 0 6742.18 7026.42
662 0 0 6898.76 7075.05
663 1 1 -7569.06 -7359.75
664 0 0 7136.94 15735.4
665 1 1 -7295.09 -7077.58
666 1 1 -7049.23 -6931.76
667 0 0 7088.41 7316.83
668 1 0 -7274.12 7344.31
669 0 1 8165.56 -7083.18
670 0 0 7004.31 7361.69
671 0 0 6881.23 7201.2
672 1 0 -7223.52 7231.44
673 1 1 -7053.5 -6916.67
674 0 1 7317.73 -7405.59
675 0 1 7623.69 -7854.48
676 1 1 -7181.64 -10831.5
677 0 1 7338.22 -7713.61
678 0 1 7361.31 -7586.7
679 0 0 6845.63 7222.81
680 1 1 -7491.77 -7538.99
681 1 0 -7702.75 7730.54
682 0 1 7220.35 -7173.69
683 1 0 -7573.78 7426.9
684 0 0 7031.78 7360.99
685 1 1 -7332.54 -7290.1
686 1 0 -7738.47 7625.63
687 1 0 -7822.71 7613.57
688 1 0 -7424.61 7361.26
689 1 1 -7096.07 -7926.32
690 1 1 -7102.12 -6801.13
691 1 0 -7449.94 7580.46
692 0 1 7265.69 -7677.86
693 0 0 6997.31 7189.82
694 1 1 -7273.03 -7089.23
695 1 1 -8406.95 -7404.96
696 1 1 -7444.66 -7370.51
697 1 1 -7336.4 -7157.54
698 0 1 7359.38 -7593.49
699 1 1 -7278.58 -7147.86
700 1 1 -7403.13 -7356.7
701 1 1 -7162.44 -6816.24
702 1 1 -7229.07 -6997.32
703 1 1 -7216.85 -6996.87
704 0 1 7845.45 -7499.99
705 1 1 -7434.59 -7236.19
706 0 0 6957.03 7181.98
707 0 0 6983.6 7434.32
708 0 1 7359.89 -7685.64
709 0 1 7152.29 -7210.46
710 0 1 7440.37 -7701.08
711 0 1 7448.52 -7701.06
712 1 0 -7325.94 8122.47
713 1 0 -7730.18 7549.28
714 0 0 6914.65 7023.74
715 0 0 7237.08 7400.38
716 0 1 7003.46 -6924.2
717 0 0 7049.41 7360.17
718 0 0 7003.75 7356.44
719 1 1 -7206.23 -7147.6
720 1 1 -7161.67 -6946.12
721 0 1 8470.86 -8017.48
722 1 1 -7650.44 -6791.68
723 1 1 -7022.52 -6815.16
724 1 1 -7329.54 -7182.2
725 0 0 6952.5 7072.97
726 1 1 -7229.12 -7085.52
727 1 1 -7278.49 -7315.25
728 1 0 -7518.74 7458.7
729 0 1 7579.49 -7793.41
730 1 0 -7320.26 7203.66
731 0 0 7023.19 7237.26
732 0 1 7592.03 -7707.74
733 0 1 7334.36 -7706.2
734 0 0 6758.22 7104.88
735 0 1 7249.12 -7533.92
736 1 1 -7113.42 -7170.84
737 1 0 -7605.43 7519.59
738 1 0 -7645.95 7652.94
739 1 1 -6941.18 -6618.57
740 0 0 6839.58 7220.93
741 0 0 6973.93 7083.22
742 0 1 7083.89 -7203.97
743 0 0 6825.75 7013.9
744 1 1 -7453.69 -7069.66
745 0 0 11310.2 6957.08
746 1 0 -7236.16 7318.16
747 1 0 -7246.62 7264.79
748 1 0 -7417.27 7392.54
749 1 1 -7105.73 -7441.45
750 1 0 -7339.78 7362.28
751 1 1 -7323.21 -7269.34
752 0 1 7304.4 -7500.35
753 0 0 6974.17 7179.32
754 1 0 -7667.5 7642.55
755 0 1 7348.79 -7744.49
756 1 1 -7209.01 -7791.73
757 1 0 -7453.21 7410.98
758 0 0 6824.44 7234.52
759 0 1 7099.54 -7207.14
760 1 0 -7480.16 7394.61
761 0 0 7110.59 7482.23
762 1 1 -7391.63 -7039.19
763 1 1 -7393.58 -7309.21
764 0 1 7288.53 -7604.2
765 1 0 -7756.76 7778.23
766 1 0 -7649.62 7439.34
767 1 0 -7306.88 7459.34
768 0 0 6995.28 7400.55
769 1 1 -7012.52 -6850.08
770 0 0 6849.57 7104.34
771 1 1 -7091.28 -6836.54
772 0 1 7395.46 -7638.07
773 1 1 -7446.39 -7251.69
774 1 0 -7612.4 7560.02
775 0 1 7197.77 -7968.01
776 0 0 7022.48 7334.37
777 0 0 6888.28 7204.14
778 0 1 7186.34 -7446.35
779 0 1 7345.56 -7679.52
780 1 1 -7333.75 -7291.72
781 0 0 7005.27 7384.15
782 1 1 -7408.08 -7282.73
783 1 0 -7278.47 7276.58
784 0 0 6813.76 7073.51
785 1 0 -7895.94 7572.67
786 1 1 -7406.65 -7430.37
787 1 1 -7465.08 -7176.58
788 0 1 7289.49 -7724.72
789 0 0 6850.94 7102.98
790 0 1 7419.32 -7718.93
791 0 0 6936.91 7103.54
792 0 0 6993.45 7030.22
793 1 0 -7698.4 7758.71
794 0 1 7454.48 -7613.94
795 1 1 -7275.44 -7148.61
796 0 0 7361.09 7302.24
797 0 1 7607.72 -7704.73
798 1 1 -12918.7 -6828.88
799 0 1 7399.5 -7593.14
800 0 0 6708.21 7037.63
801 0 0 7142.51 7575.73
802 0 0 7100.38 7590.68
803 0 0 7088.47 20812.5
804 1 1 -7310.35 -7306.9
805 1 0 -7733.03 7794.17
806 1 1 -7306.71 -7278.8
807 1 0 -7716.36 7643.99
808 1 0 -7751.21 7908.41
809 0 1 7145.33 -7267.83
810 1 1 -7192.64 -6917.07
811 1 1 -7450.25 -7254.63
812 0 1 8144.93 -7765.45
813 1 1 -7242.95 -7868.73
814 0 0 8626.23 7220.72
815 0 0 7233.08 7323.02
816 1 0 -7476.83 7316.56
817 1 1 -7432.28 -7221.44
818 1 1 -7460.86 -8526.81
819 0 0 7229.03 7581.94
820 1 0 -7740.22 7772.92
821 1 1 -7567.46 -7222.97
822 0 1 7208.58 -7229.3
823 0 0 6907.65 7101.47
824 1 0 -7497.9 7389.97
825 0 1 7297.28 -7712.57
826 1 0 -7213.7 7465
827 0 0 6882.16 7402.94
828 0 0 6870.02 7202.57
829 1 1 -7064.47 -6983.54
830 0 0 7051.71 7499.35
831 1 0 -7612.14 7544.56
832 0 1 7305.96 -7738.97
833 1 1 -7124.45 -6968.21
834 1 1 -7351.14 -7190.78
835 1 0 -7812.59 7815.37
836 1 1 -7457.21 -15504.8
837 1 1 -7962.47 -7288.69
838 0 0 6920.43 18434.1
839 0 1 7251.48 -7533.83
840 0 1 10350.5 -7507.14
841 0 0 6966.17 7192.27
842 1 0 -7823.06 7607.83
843 1 1 -7073.12 -6820.46
844 0 0 9024.7 7271.21
845 1 0 -7325.79 7311.78
846 0 1 10969.6 -14800.5
847 0 0 7022.84 7359.77
848 0 1 7396.77 -7725.53
849 0 0 7182.06 7433.53
850 0 1 7290.26 -7555.89
851 0 1 7144.67 -7349.81
852 0 1 7618.08 -7871.66
853 0 0 7128.3 7600.93
854 1 0 -7239.42 9709.83
855 1 1 -7299.8 -6973.96
856 0 0 7203.79 7609.21
857 0 0 6881.55 20087.4
858 1 0 -7618.7 7520.82
859 0 1 7543.72 -7133.7
860 1 1 -7271.48 -7017.26
861 0 0 6674.34 6985.7
862 1 0 -7396.03 7347.91
863 1 1 -7147.35 -7097.37
864 1 1 -7447.06 -7137.12
865 0 0 6930.49 7811.76
866 1 0 -7627.37 7627.24
867 1 0 -7220.62 7113.11
868 1 0 -7641.78 7625.4
869 1 0 -7425 7388.85
870 0 0 6684.3 7298.35
871 1 0 -7362.22 7480.64
872 0 0 7007.74 7343.11
873 0 0 6655.65 7027.78
874 1 0 -7328.46 7311.23
875 1 1 -7406.2 -7131.7
876 0 1 7359.27 -7325.3
877 0 0 6888.83 15306.3
878 0 1 7255.14 -7553.2
879 1 1 -7337.69 -7315.55
880 1 1 -7176.77 -7119.88
881 0 0 7050.64 7465.78
882 1 0 -7600.06 7680.93
883 0 1 7371.54 -8306.99
884 0 0 6773.51 7085.42
885 0 0 6830.23 7226.01
886 0 1 7127.14 -9858.08
887 0 0 7128.67 7399.3
888 1 1 -7513.76 -7387.17
889 0 0 7124.12 7554.29
890 1 0 -7303.34 7271.06
891 1 1 -7477.98 -7177.26
892 1 0 -7497.41 7388.87
893 0 1 7315.13 -7606.53
894 1 0 -7417.97 9869.25
895 0 0 6880.7 7157.28
896 1 0 -7556.76 7400.63
897 1 0 -7813.06 7807.14
898 1 1 -7222.78 -7647.21
899 1 1 -7130.88 -6797.48
900 1 0 -7540.54 7240.11
901 1 1 -7340.57 -6725.23
902 0 0 7115.37 7610.59
903 0 1 7419.24 -7627.92
904 0 0 7396.69 7227.49
905 0 0 7088.06 7501.94
906 1 1 -7447.81 -7376.4
907 0 0 7108.45 7615.07
908 0 0 13855.3 7644.56
909 0 1 7576.34 -7737.28
910 0 0 6997.21 7102.39
911 1 0 -7288.09 7224.69
912 0 0 10064.6 7084.96
913 1 0 -8526.74 7556.15
914 1 1 -7059.26 -6846.22
915 1 1 -7284.17 -7363.37
916 0 0 6881.26 7187.11
917 0 1 7266.47 -7417.77
918 1 1 -7887.42 -6937.57
919 1 1 -7419.49 -7286.52
920 1 0 -7753.73 7684.48
921 1 1 -7141 -6875.88
922 0 0 7091.71 7416.66
923 0 0 10653.3 7341.1
924 1 1 -7180.78 -6944.73
925 0 1 10341.6 -7435.02
926 1 1 -7148.04 -7035.75
927 0 1 7332.39 -7387.05
928 0 1 7381.29 -14682.1
929 0 0 6941.87 7146.36
930 0 1 7276.21 -7752.17
931 0 0 6906.97 7102.09
932 0 0 10912.2 7162.6
933 0 0 6883.09 7386.65
934 0 1 7205.97 -7370.38
935 0 0 6658.42 7126.76
936 1 0 -7346.55 7325.7
937 1 1 -7073.13 -7108.12
938 0 1 7576.28 -7810.58
939 0 1 7439.23 -7593.01
940 1 1 -7232.61 -7221.12
941 0 1 7137.42 -7388.49
942 1 1 -7570.48 -7203.32
943 1 0 -7853.02 7676.52
944 1 0 -7621.89 7518.49
945 0 1 7425.35 -7749.61
946 1 1 -7429.96 -7160.81
947 0 0 6881.54 7241.73
948 1 1 -9335.22 -7322.91
949 0 1 7349.36 -7470.94
950 1 1 -7352.71 -7248.75
951 1 1 -8998.61 -7021.24
952 0 1 7391.82 -7596.57
953 1 0 -7663.02 7511.71
954 1 0 -7719.22 7545.24
955 0 0 7051.02 7477.31
956 1 0 -7248.04 7420.16
957 0 1 7560.7 -7827.17
958 1 0 -7781.33 7769.54
959 0 0 7094.38 7348.04
960 0 0 7497.44 7290.39
961 0 0 6921.78 7102.39
962 0 0 7137.43 7411.17
963 0 0 7089.36 7514.9
964 0 1 7330.17 -7754.36
965 0 0 6989.75 7322.96
966 1 1 -7061.19 -6799.95
967 1 1 -7878.73 -7058.34
968 0 0 13374.7 7177.5
969 1 0 -7173.47 7154.94
970 1 1 -7130.61 -6849.18
971 1 1 -7123.2 -17718.9
972 1 1 -7451.74 -7471.65
973 1 0 -7542.93 7463.96
974 1 1 -7719.32 -7083.79
975 0 0 6901.01 7141.58
976 1 0 -7638.23 7638.77
977 0 1 7397.16 -7778.38
978 1 1 -7133.66 -8593.94
979 0 1 7287.56 -7621
980 1 1 -7227.13 -7025.5
981 0 0 7106.43 7558.34
982 0 0 6785.24 7127.7
983 0 0 7077.77 7504.7
984 0 1 7358.09 -7680.37
985 1 1 -7283.9 -7185.7
986 0 1 7200.42 -7110.68
987 1 0 -7763.47 7527.45
988 0 1 7355.2 -7703.57
989 1 1 -7309.83 -7228.47
990 0 0 7443.65 7332.75
991 1 1 -7172.61 -6956.15
992 0 0 7119.8 7432.53
993 0 1 7180.28 -7159.03
994 0 0 6976.36 7244.84
995 1 0 -7285.97 7396.57
996 1 1 -9633.76 -7062.21
997 1 1 -7490 -7455.76
998 0 1 7091.89 -7160.39
999 1 1 -7302.57 -7239.22
1000 0 0 7165.73 7570.39
1001 0 1 7409.88 -7642.1
1002 0 0 7013.71 7350.32
1003 1 1 -7334.79 -7321.15
1004 0 0 7047.95 7548.19
1005 0 0 7134.33 7453.56
1006 1 1 -7077.67 -6852.91
1007 1 1 -7494.56 -7393.3
1008 1 0 -7266.35 7296.22
1009 0 1 7402.67 -7707.53
1010 0 0 6952.07 7273.48
1011 1 1 -7464.3 -7303.26
1012 1 0 -7757.61 7753.93
1013 1 1 -7458.27 -7256.82
1014 1 1 -7319.43 -7191.55
1015 0 1 7170.24 -8770.39
1016 1 1 -7005.34 -9138.98
1017 0 1 7391.04 -7701.91
1018 1 0 -7755.56 7738.88
1019 1 0 -7334.95 7181.6
1020 1 0 -7842.72 7735.79
1021 1 1 -7405.22 -10060.2
1022 0 1 7010.24 -7136.33
1023 0 0 7416.78 7402.45
1024 1 0 -7812.28 7508.81
1025 1 1 -7287.91 -7434.52
1026 0 0 7055.3 7464.94
1027 1 1 -7476.37 -7362.54
1028 0 0 7088.29 7521.04
1029 1 0 -7191.34 7298.16
1030 0 0 7580.25 7118.87
1031 0 0 6931.45 7186.02
1032 0 0 6974.2 7425.99
1033 1 1 -7169.47 -6834.82
1034 1 0 -7464.87 7428.42
1035 0 1 7194.94 -7432.27
1036 0 0 7100.56 7621.5
1037 0 1 7586.28 -7762.21
1038 0 1 7284.16 -7442.62
1039 0 0 6817.34 7225.59
1040 1 1 -7476.36 -7430.96
1041 0 0 7877.67 7003.6
1042 0 0 6698.92 14900.8
1043 0 0 6919.51 7167.88
1044 1 0 -7120.5 7052.39
1045 1 1 -7385.46 -6981.25
1046 0 1 7295.06 -7698.13
1047 0 1 7348.13 -7588
1048 1 0 -7680.3 7648.61
1049 0 0 8335.31 7287.82
1050 0 1 7419.64 -7672.05
1051 1 0 -7347.32 7317.34
1052 0 0 7254.46 7403.78
1053 0 1 7254.64 -7610.73
1054 0 1 7420.62 -7695.72
1055 0 0 7151.19 7359.72
1056 0 0 7001.65 7486.72
1057 1 1 -7140.28 -6993.55
1058 0 1 7533.44 -7769.52
1059 1 1 -7294.16 -7179.99
1060 1 1 -7299.66 -7189.18
1061 0 1 7334.73 -7634.27
1062 1 0 -7359.6 7426.92
1063 0 1 7255.61 -7711.74
1064 0 1 7229.09 -8557.07
1065 1 1 -7122.54 -6824.57
1066 0 1 7074.34 -7276.68
1067 1 1 -7082.15 -7263.05
1068 1 0 -7764.63 7750.97
1069 1 1 -7418.72 -7280.54
1070 1 1 -7341.73 -7177.83
1071 0 1 7102.82 -7298.3
1072 0 0 6778.13 7090.42
1073 0 0 6928.88 7150.82
1074 1 0 -7695.43 7687.53
1075 0 0 7623.21 7028.42
1076 1 0 -7435.22 21263.8
1077 1 1 -7999.14 -7307.64
1078 1 1 -7419.42 -7189.04
1079 1 0 -7313.29 7308.82
1080 0 1 7626.05 -7490.36
1081 1 1 -7429.87 -7295.74
1082 1 1 -7267.37 -7877.79
1083 0 0 6995.26 7399.68
1084 0 1 7347.88 -7452.25
1085 1 1 -7842.12 -7202.76
1086 0 0 6943.38 7136.47
1087 0 1 7284.53 -7579.43
1088 1 1 -7274.37 -7025.2
1089 0 0 6868.38 7115.98
1090 0 0 7110.78 7600.7
1091 1 0 -7672.51 7662.14
1092 0 1 7266.83 -7557.76
1093 1 1 -7352.81 -7205.48
1094 0 1 7116.93 -7141.12
1095 1 0 -7313.86 7974.31
1096 1 1 -6996.21 -6836.17
1097 1 0 -7248.63 11553.9
1098 0 1 7393.88 -7659.76
1099 1 0 -7684.26 7592.2
1100 0 1 7291.44 -7579.72
1101 1 1 -7410 -7008.85
1102 0 0 7138.95 7571.8
1103 0 0 7035.33 7367.46
1104 1 0 -7638.8 7516.58
1105 1 1 -7318.8 -7035.88
1106 0 0 6941.23 7183.9
1107 0 1 7278 -7485.78
1108 1 1 -7372.14 -7011.94
1109 0 1 7210.79 -7494.07
1110 0 1 7070.76 -7160.79
1111 0 1 7366.92 -7697.07
1112 0 0 6923.89 7014.69
1113 1 0 -7558.62 8451.34
1114 0 0 7146.81 7345.12
1115 1 1 -7138.87 -6911.06
1116 1 0 -7685.78 7813.23
1117 0 1 7331.24 -7676.58
1118 1 1 -7129.93 -7031.58
1119 0 1 7077.49 -7259.31
1120 1 1 -7297.75 -7158.99
1121 0 1 7366 -7705.65
1122 0 1 7199.34 -7240.05
1123 1 1 -7425.55 -7201
1124 0 1 7356.16 -7559.76
1125 1 1 -7346.84 -7277.97
1126 1 1 -7230.51 -7039.42
1127 1 1 -7477.65 -7325.26
1128 0 1 7274.93 -7761.02
1129 1 1 -7429.67 -7215.38
1130 0 0 7067.55 7502.53
1131 0 0 6791.15 7059.11
1132 1 1 -7278.04 -7161.23
1133 0 1 7159.88 -7362.96
1134 1 0 -7477.52 7449.98
1135 0 1 7459.2 -7624.3
1136 1 0 -7620.47 7700.32
1137 0 1 7251.68 -7349.14
1138 1 1 -7481.82 -7344.43
1139 1 0 -9195.12 7458.83
1140 0 0 6894.49 7241.91
1141 1 1 -7428.77 -7209.92
1142 1 1 -7344.16 -7264.91
1143 0 0 7089.77 7382.39
1144 0 0 6975.86 7333.39
1145 1 0 -7769.2 7610.72
1146 1 1 -8990.94 -7025.87
1147 0 0 7166.77 7640.08
1148 0 0 7079.92 7473.26
1149 0 0 7167.6 7413.82
1150 1 1 -7253.5 -6833.13
1151 0 1 7298.6 -7676.59
1152 1 1 -7301.71 -7138.36
1153 0 0 7009.03 7455.08
1154 1 1 -7082.95 -6854.11
1155 1 0 -7475.96 7272.47
1156 1 0 -7871.86 7623.7
1157 1 0 -7388.18 7400.62
1158 0 1 7135.04 -7339.04
1159 1 1 -7392.39 -7340.81
1160 1 1 -7266.74 -7165.55
1161 0 0 6974.19 7075.52
1162 1 1 -8525.66 -7046.69
1163 0 1 7254.41 -12929.2
1164 0 1 7180.36 -7437.66
1165 0 1 7275.95 -7565.91
1166 0 1 7447.15 -7603.41
1167 1 0 -7502.21 7446.29
1168 0 0 6892.45 7113.73
1169 0 0 7591.15 7070.2
1170 0 0 6911.2 7149.14
1171 0 1 7422.67 -7470.75
1172 0 0 7074.63 7473.25
1173 0 1 7227.77 -7485.3
1174 1 0 -7709.98 7568.15
1175 1 0 -7700.47 7672.53
1176 0 0 7585.64 7209.04
1177 0 0 7148.91 7412.54
1178 1 1 -7110.59 -6934.24
1179 1 0 -7691.09 7583.44
1180 0 1 7347.7 -7752.51
1181 0 0 7380.32 7480.26
1182 0 0 7003.85 7364.19
1183 0 0 7170.33 7413.49
1184 0 0 6820.97 7373.51
1185 1 1 -7184.26 -6859.31
1186 1 1 -6993.7 -6703.69
1187 1 0 -7770.62 7612.99
1188 1 1 -7461.74 -7298.04
1189 1 0 -7764.7 7661.51
1190 1 1 -7511.86 -7385.67
1191 0 1 7547.21 -7821.2
1192 1 0 -7318.18 7319.89
1193 0 0 7113.13 7489.48
1194 0 1 7461.05 -7613.42
1195 0 0 7141.63 7338.25
1196 1 1 -7342.42 -7343.61
1197 1 0 -7475.99 7629.46
1198 0 0 7005.76 7328.3
1199 0 0 6673.69 7048.59
1200 0 1 7266.14 -7503.48
1201 0 1 7241.74 -8157.07
1202 1 1 -7369.59 -7240.83
1203 0 0 6817.16 7089.19
1204 1 0 -7689.62 7831.33
1205 0 1 7437.79 -7593.19
1206 1 1 -7477.68 -8545.07
1207 1 0 -7228.56 7225.17
1208 0 0 6724.29 14072.8
1209 1 1 -7327.96 -7300.57
1210 0 1 7173.84 -7467.88
1211 0 0 14251 6969.84
1212 1 1 -7276.48 -24172.7
1213 0 1 9681.45 -7255.68
1214 1 1 -7272.66 -7314.24
1215 0 1 7270.83 -8295.28
1216 1 0 -7582.04 8844.8
1217 1 0 -7441.5 7338.4
1218 0 1 7251.1 -7419.5
1219 0 0 7112.83 7471.34
1220 1 1 -7317.03 -6982.87
1221 0 0 7109.47 7618.21
1222 0 1 7330.32 -7671.82
1223 1 1 -7434.36 -7342.2
1224 1 1 -7381.43 -7228.35
1225 0 0 7012.7 7382.78
1226 1 1 -7333.61 -7312.51
1227 0 0 6852.66 7232.41
1228 1 0 -7721.55 7608.15
1229 0 0 6890.4 7305.37
1230 1 1 -7278.35 -7158.3
1231 1 1 -7191.6 -7109.88
1232 1 0 -7867.13 7712.8
1233 0 1 7431.36 -7633.18
1234 0 0 6943.28 7166.63
1235 0 0 7175.94 7427.64
1236 0 0 6728.62 7392.44
1237 0 1 7321.58 -7531.59
1238 1 1 -7288.06 -7235.25
1239 0 1 7303.54 -7708.97
1240 0 0 7228.56 7378.48
1241 1 1 -7298.41 -6993.59
1242 1 1 -7441.07 -7211.69
1243 1 1 -7435.66 -7352.46
1244 1 1 -7368.76 -7254.42
1245 0 0 6709.49 13536.1
1246 1 0 -7716.76 7731.56
1247 0 0 7109.31 7436.28
1248 0 1 7061.39 -7354.28
1249 0 0 6650.58 7066.24
1250 1 1 -7531.54 -7334.07
1251 1 1 -8511.41 -7399
1252 0 1 7593.92 -7785.57
1253 1 1 -7360.92 -7302.18
1254 0 1 7222.77 -7500.95
1255 0 1 7286.83 -7682.3
1256 1 0 -16812.7 24159.2
1257 0 1 7557.37 -7446.6
1258 0 1 7525.35 -7805.91
1259 0 1 8935.67 -13408.4
1260 1 0 -7666.88 7653.92
1261 0 0 7019.73 7571.71
1262 1 1 -7470.34 -7300.4
1263 1 0 -7670.25 7522.89
1264 0 0 6651.9 7111.98
1265 0 0 9368.35 7175.57
1266 1 1 -7450.27 -7142.87
1267 1 0 -7706.3 7534.52
1268 1 0 -7645.89 7605.28
1269 0 0 7186.42 7475
1270 1 0 -7644.18 7718.38
1271 1 0 -7279.17 7305.24
1272 0 0 6737.93 7068.03
1273 1 0 -7747.73 7504.14
1274 0 0 6909.02 7194.12
1275 1 0 -7673.35 7652.65
1276 1 0 -7643.49 7610.79
1277 0 1 7286.29 -7836.05
1278 1 1 -7158.14 -6950.87
1279 1 1 -7404.17 -7362.1
1280 0 1 7141.41 -7325.99
1281 0 0 6997.87 7512.35
1282 0 1 7009.76 -14881.3
1283 0 1 7305.45 -9884.54
1284 1 1 -7420.63 -7288.88
1285 0 1 7331.66 -7631.49
1286 0 1 7307.34 -7562.77
1287 1 0 -7739.46 7736.11
1288 0 1 7055.91 -7253.89
1289 1 0 -7815.18 7575.99
1290 0 0 6838.21 7197.26
1291 0 1 7153.99 -7355.62
1292 0 0 6846.31 7115.01
1293 1 1 -7526.53 -7147.44
1294 1 1 -7319.72 -7163.14
1295 0 0 6695.09 19558.9
1296 1 0 -7295.25 7218.45
1297 1 0 -7348.6 7455.26
1298 1 0 -7643.53 7602.28
1299 1 1 -7410.69 -7150.97
1300 1 1 -7465.69 -7147.93
1301 0 1 7572.78 -7805.68
1302 1 0 -8729.7 7437.18
1303 1 0 -7279.7 7427.06
1304 1 0 -7741.43 7767.83
1305 0 0 6797.02 7016.48
1306 0 1 7061.06 -7171.98
1307 1 0 -7321.17 7301.2
1308 1 1 -7512.63 -7369.6
1309 0 0 7038.5 7359.08
1310 0 0 7017.28 7360.93
1311 0 1 7326.44 -7352.86
1312 0 0 7077.22 7356.27
1313 1 0 -7743.79 7816.19
1314 0 0 6889.46 7755.71
1315 0 1 7326.33 -7714.18
1316 0 1 7533.35 -7816.65
1317 1 1 -7296.63 -7096.19
1318 1 0 -7759.65 7595.37
1319 1 0 -7757.6 7778.11
1320 0 0 7086.77 7404.52
1321 1 1 -7368.4 -7296.27
1322 0 1 7643.79 -7742.48
1323 0 0 6769.91 7072.74
1324 0 0 7185.61 7423.34
1325 1 1 -7218.96 -7020.83
1326 0 1 7105.12 -8777.6
1327 0 1 7388.14 -7571
1328 0 0 7160.85 7565.98
1329 1 1 -7143.71 -6895.18
1330 0 1 7204.82 -7355.27
1331 1 0 -7862.3 7718.92
1332 1 0 -7617.49 7383.69
1333 1 1 -8195.6 -7187.62
1334 1 0 -7600.89 7560.37
1335 1 1 -7397.5 -7200.73
1336 1 0 -7480.15 7403.2
1337 0 1 7211.38 -7391.9
1338 0 0 7213.8 7480.68
1339 0 0 6743.39 7009.58
1340 1 0 -7627.45 7679.85
1341 0 1 7348.59 -7622.29
1342 1 0 -7753.94 7567.5
1343 1 0 -7479.47 7377
1344 1 1 -7401.65 -7288.1
1345 1 0 -7400.18 7583.59
1346 0 0 7179.02 7615.08
1347 0 1 7348.03 -7908.22
1348 0 1 7722.81 -7710.14
1349 1 0 -7746.82 7748.44
1350 1 1 -7321.57 -7187.11
1351 1 1 -7323.55 -7021.34
1352 1 1 -7307.08 -6966.67
1353 0 1 7549.4 -7756.87
1354 0 1 7215.36 -7329.43
1355 1 0 -7661.64 7687.99
1356 0 1 7242.02 -7074.39
1357 0 1 7298.43 -16167.6
1358 0 1 7299.65 -7399.87
1359 1 1 -7869.85 -7273.28
1360 0 0 6937.25 7143.48
1361 1 1 -7310.11 -7319.8
1362 0 0 6885.9 7062.94
1363 0 1 7075.27 -7202.14
1364 0 1 7290.64 -7746.55
1365 1 1 -7365.2 -7171.43
1366 1 0 -7606.36 7527.12
1367 1 0 -7339.03 7385.67
1368 1 1 -7057.93 -6871.13
1369 1 1 -7441.88 -7222.81
1370 0 0 6682.26 7115.09
1371 0 0 7179.79 7529.55
1372 1 1 -7032.24 -17092.2
1373 0 1 7350.07 -9478.78
1374 0 0 6744.2 7007.17
1375 0 0 6924.46 18745.2
1376 0 1 7336.12 -7524.72
1377 1 1 -7350.2 -6991.12
1378 1 1 -10414.5 -7603.22
1379 1 0 -7351.26 7124.41
1380 1 1 -7336.11 -7296.01
1381 1 0 -7456.32 16674.1
1382 0 0 7002.11 7255.09
1383 1 1 -8794.83 -7021.6
1384 1 1 -7057.81 -6967.22
1385 0 1 10344.7 -7451.74
1386 1 1 -7138.94 -6970.81
1387 0 1 7422.84 -8947.07
1388 0 0 7115.77 7590.18
1389 0 0 7070.8 7186.37
1390 1 1 -7367.73 -7321.19
1391 0 1 7366.22 -7570.68
1392 1 1 -7207.56 -7167.49
1393 1 1 -7481.82 -7424.23
1394 0 1 7488.14 -7577.99
1395 0 1 9358.6 -7148.39
1396 0 1 7405.35 -7544.26
1397 0 1 7355.84 -8501.22
1398 1 1 -11025.1 -7056.93
1399 1 0 -8266.14 7152.82
1400 1 1 -7286.93 -6941.33
1401 1 1 -7417.34 -7368.2
1402 0 0 14832.7 6971.59
1403 0 0 7132.55 7374.54
1404 1 0 -7737.53 7739.24
1405 0 0 7214.39 7129.87
1406 0 0 7077.94 7630.25
1407 0 1 7756.99 -7571.54
1408 1 0 -7268.49 7359.38
1409 0 0 7008.37 7406.28
1410 0 0 6922.36 8614.65
1411 1 1 -7209.3 -6908.27
1412 0 1 7409.57 -7664.21
1413 0 0 7141.06 7578.26
1414 1 1 -7349.99 -7199.44
1415 0 1 7347.94 -7743.62
1416 0 1 7323.05 -7346.84
1417 0 1 7263 -7477.96
1418 1 1 -7607.61 -15408.1
1419 1 0 -7632.25 7519.13
1420 1 1 -7340.48 -7363.61
1421 1 0 -7564.31 7086.9
1422 1 1 -7376.83 -7188.2
1423 0 1 7187.32 -7127.2
1424 1 1 -7045.82 -6770.06
1425 0 0 6865.52 7242.97
1426 1 1 -15705.4 -7197.05
1427 0 0 6853.47 7187.57
1428 1 1 -7418.19 -7293.16
1429 0 0 7156.92 7645.29
1430 1 0 -24197.9 7254.38
1431 1 0 -7547.41 7642.96
1432 1 0 -7316.23 7332.46
1433 1 1 -7265.73 -7156.47
1434 1 0 -7671.75 7631.67
1435 0 0 6994.01 7333.8
1436 1 0 -7524.5 7331.12
1437 1 0 -7361.56 7501.28
1438 1 1 -7145.08 -6937.47
1439 0 1 7384.47 -7653.16
1440 0 1 7580.74 -7770.28
1441 0 1 7253.3 -7560.51
1442 0 0 6855.54 7136.65
1443 1 1 -7148.4 -7111.59
1444 1 1 -7525.74 -7186.5
1445 1 0 -16424.2 7507.96
1446 0 0 7202.31 7385.51
1447 1 0 -7657.93 7676.68
1448 1 0 -7509.83 7477.22
1449 1 1 -7327.6 -7166.24
1450 0 0 7000.08 7356.55
1451 0 1 7598.92 -7825.87
1452 1 1 -7048.59 -6915.25
1453 0 0 6839.72 7168.34
1454 1 0 -7707.9 7535.23
1455 1 1 -7347.11 -7222.37
1456 1 0 -7661.38 7577.07
1457 1 0 -7761.72 7680.31
1458 0 0 6917.9 9393.91
1459 0 0 7154.48 7384.6
1460 0 0 6841.8 7224.91
1461 1 1 -7502.11 -6835.78
1462 1 1 -9145.66 -6915.86
1463 1 0 -7760.42 7571.35
1464 1 1 -7365.39 -7179.29
1465 1 1 -7032.8 -7619.84
1466 1 0 -7350.61 7538.06
1467 0 0 7115.17 7318.09
1468 0 1 7571.44 -7810
1469 1 0 -25038.4 7211.52
1470 0 0 6939.47 7265.35
1471 1 1 -13567.9 -7122.01
1472 1 0 -7444.06 7309.13
1473 0 0 12920.2 7227.68
1474 0 0 6644.53 7038.18
1475 1 1 -7508.18 -7235.53
1476 0 0 6786.05 7047.55
1477 1 1 -7151.02 -6921.18
1478 0 1 7440.51 -7736.77
1479 1 0 -7670.68 7564.16
1480 0 1 7183.52 -7461.69
1481 0 1 7080.51 -7368.23
1482 1 0 -7185.47 7083.19
1483 1 1 -7314.72 -7040.09
1484 1 0 -7862.23 7670.16
1485 0 1 7273.24 -16542.8
1486 0 1 7101.63 -7696.96
1487 1 1 -7426.27 -7276.26
1488 0 1 7144.99 -7246.44
1489 1 1 -9348.42 -6991.17
1490 1 1 -7397.78 -7254.89
1491 1 1 -7209.88 -7186.53
1492 1 0 -7748.53 7509.85
1493 0 0 7011.14 7501.77
1494 0 0 6826.04 7027.11
1495 0 1 7410.02 -7622.35
1496 0 0 7169.14 7379.6
1497 1 1 -7175.19 -6960.69
1498 0 0 7006.44 7338.11
1499 1 1 -7165.12 -6954.66
1500 0 0 7281.62 7410.65
1501 0 1 7004.01 -7091.18
1502 0 0 7040.64 7436.13
1503 1 1 -7095.67 -7038.35
1504 0 1 7387.52 -7645.73
1505 0 0 6890.08 7155.85
1506 1 1 -7265.98 -6979.32
1507 1 0 -7393.35 7415.99
1508 1 0 -7228.33 23689.7
1509 0 0 7093.77 7408.73
1510 1 1 -7332.95 -7212.41
1511 0 1 7083.36 -7154.94
1512 0 1 7505.21 -7577.91
1513 0 1 7240.49 -10147.2
1514 1 1 -7237.35 -6899.93
1515 1 0 -7611.1 7563.24
1516 0 1 7323.74 -7689.04
1517 1 0 -7414.93 7508.15
1518 0 1 7272.8 -7607.72
1519 0 1 7238.97 -7455.47
1520 0 0 7074.1 7358.47
1521 1 1 -7482.51 -7362.28
1522 1 1 -6993.7 -6731.74
1523 0 0 7356.08 7507.91
1524 0 0 7044.98 7478.85
1525 1 1 -7279.86 -7160.53
1526 0 1 7477.33 -7991.79
1527 0 0 7180.95 7469.96
1528 0 0 6902.35 7316.86
1529 0 0 6749.97 7099.46
1530 0 1 8528.32 -7223.98
1531 0 0 6994.96 7103.17
1532 1 0 -7753.89 7532.34
1533 0 0 7223.93 7450.42
1534 1 0 -7216.4 7136.14
1535 1 0 -7747 7620.87
1536 1 0 -7199.11 7203.66
1537 1 0 -7447.26 15047.2
1538 1 1 -7411.91 -7241.86
1539 0 1 7085.7 -7154.92
1540 1 0 -7697.37 7806.15
1541 0 0 7004.54 7576.65
1542 0 0 6822.56 7099.85
1543 0 0 7980.68 7344.72
1544 1 1 -7225.12 -7017.81
1545 0 1 7617.34 -7724.18
1546 0 1 7144.39 -7324.09
1547 1 0 -7331.61 9341.68
1548 0 1 7337.55 -7561.43
1549 1 1 -16363.3 -6960.29
1550 1 0 -7306.53 8519.12
1551 0 1 7263.66 -7286.18
1552 0 1 7408.34 -7614.76
1553 0 1 7055.93 -7152.75
1554 0 0 11353.6 7473.5
1555 1 1 -7318.66 -7298.74
1556 0 1 7023.23 -7399.82
1557 1 1 -6979.94 -6697.24
1558 0 0 6832.11 7185.55
1559 1 1 -7077.02 -6902.79
1560 1 0 -7337.53 7295.65
1561 1 1 -7500.59 -7319.51
1562 0 0 6707.62 7265.93
1563 1 1 -7387.89 -14931.2
1564 0 1 7259.88 -7442.7
1565 1 1 -7497.41 -7204.09
1566 1 1 -7306.95 -7295.54
1567 1 1 -7275.7 -7274.9
1568 1 0 -7640.49 7551.09
1569 0 1 7345.24 -7442.6
1570 0 1 7347.11 -7594.86
1571 1 0 -7335.3 7303.92
1572 0 1 7035.59 -7302.24
1573 0 0 6900.48 7167.85
1574 0 1 7225.63 -7763.75
1575 1 0 -7413.16 7424.84
1576 0 1 7341.69 -7591.16
1577 1 0 -7779.61 7631.46
1578 1 1 -7526.37 -7315.33
1579 1 0 -7619.09 7535.95
1580 0 0 7011.01 7381.76
1581 1 1 -7410.98 -7333.07
1582 0 0 7121.13 7361.33
1583 0 0 6879.93 7003.67
1584 0 1 7322.8 -7393.22
1585 0 0 7044.51 7481.18
1586 0 1 7528.42 -7752.95
1587 0 1 7446.07 -9125.15
1588 0 0 7122.93 7552.07
1589 0 0 7037.53 7360.76
1590 1 1 -7068.62 -6907.51
1591 1 1 -7480.85 -7390.61
1592 1 1 -7246.26 -6982.77
1593 0 1 7458.45 -7659.48
1594 1 0 -7451.95 7378.42
1595 0 1 7262.55 -7060.72
1596 0 0 7008.07 11850.1
1597 0 0 7001.14 7349.65
1598 0 1 7233.81 -7586.13
1599 0 0 7075.98 7488.23
1600 0 1 7382.35 -7726.3
1601 0 1 9706.77 -24743
1602 0 0 7113.05 7376.01
1603 1 0 -7596.17 7528.18
1604 1 0 -7492.35 8244.83
1605 1 0 -7657.45 7787.11
1606 0 0 7108.17 7430.26
1607 1 1 -7500.44 -7066.92
1608 0 1 7153.49 -7016.82
1609 1 0 -7376.5 7311.01
1610 0 0 6907.98 12580.1
1611 1 1 -7290.74 -7170.88
1612 0 1 7412.32 -7622.65
1613 0 1 7454.39 -7576.41
1614 1 1 -8283.13 -7314.53
1615 1 1 -7115.07 -6935.21
1616 0 1 7129.76 -7344.68
1617 0 1 7217.35 -7399.88
1618 0 0 6837.72 7033.45
1619 1 1 -7466.4 -7216.87
1620 1 1 -7196.18 -7032.33
1621 1 0 -7752.79 7728.63
1622 1 1 -7270.42 -7256.71
1623 1 1 -7420.17 -7263.85
1624 1 0 -7814.59 7565.58
1625 0 1 7408.84 -7657.47
1626 0 1 7366.5 -7610.97
1627 0 0 6980.43 7102.46
1628 1 0 -7231.19 7306.99
1629 1 0 -7410.99 8188.57
1630 1 0 -8792.24 7427.86
1631 1 0 -7759.16 7575.31
1632 0 0 7016.67 7185.53
1633 0 1 7397.35 -7754.89
1634 0 1 7364.71 -7785.04
1635 0 0 6882.03 7014
1636 0 0 6742.81 7172.55
1637 1 0 -7378.27 7304.9
1638 1 1 -7275.87 -7155.43
1639 0 0 6904.45 7164.37
1640 0 0 7148.35 7385.31
1641 0 0 14866.6 7255.33
1642 1 0 -7787.95 7646.8
1643 1 1 -7593.99 -6851.23
1644 0 1 7382.19 -7615.07
1645 0 0 7004 7409.93
1646 1 1 -7262.2 -7121.38
1647 1 1 -7413.22 -7381.75
1648 1 1 -7571.16 -6809.15
1649 0 1 7287.76 -7379.86
1650 1 1 -7434.3 -7191.13
1651 0 1 7072.48 -7369.3
1652 0 0 8971.63 8206.36
1653 1 0 -7214.92 7227.67
1654 1 1 -7159.67 -6911.17
1655 1 1 -7281.83 -7205.06
1656 0 0 6988.88 7476.69
1657 1 1 -7176.83 -7120.17
1658 0 1 7069.62 -7202.76
1659 0 1 7168.11 -7561.43
1660 1 1 -7344.25 -7243.11
1661 0 1 7380.14 -7769.01
1662 1 0 -7817.29 7591.32
1663 1 0 -7517.66 7661.56
1664 1 0 -7633 7507.1
1665 0 1 7238.38 -7540.53
1666 0 0 7178.02 7508.06
1667 1 1 -18770.6 -7081.93
1668 1 0 -7502.58 7325.49
1669 0 1 7671.36 -7753.55
1670 1 0 -7805.37 8222.14
1671 0 1 7177.02 -7151.36
1672 1 0 -7474.73 7325.03
1673 1 0 -7216.23 7439.56
1674 0 0 7121.54 7350.22
1675 0 1 7380.65 -7318.41
1676 1 1 -7286.98 -7287.81
1677 0 1 7149.01 -7453.63
1678 0 1 7393.68 -7752.43
1679 0 1 7059.15 -7153.47
1680 1 1 -7281.96 -7328.29
1681 0 1 7314.45 -7677.72
1682 1 1 -7421.07 -7468.61
1683 1 1 -7444.45 -9136.22
1684 1 1 -7159.01 -7136.45
1685 0 1 7078.78 -7695.93
1686 0 0 7044.9 7542.62
1687 1 0 -7334.47 7221.38
1688 1 0 -7772.09 7722.8
1689 0 1 7156.28 -7600.05
1690 0 0 10050.4 7123.16
1691 1 1 -7436.06 -7273.09
1692 1 0 -7770.19 7550.01
1693 0 0 7148.05 7402.36
1694 0 1 9046.74 -7409.03
1695 1 0 -7636.03 7645.05
1696 0 0 6957.52 7094.17
1697 0 0 7259.41 7143.76
1698 0 1 7073.99 -8600.98
1699 1 1 -7300.66 -7164.04
1700 0 1 7139.28 -7370.85
1701 1 1 -7426.55 -7275.48
1702 0 1 7317.19 -7541.9
1703 0 1 7162.62 -7361.28
1704 0 1 7330.08 -7449
1705 0 0 6894.88 7418.58
1706 0 0 7164.4 7578.75
1707 0 0 6993.29 7163.16
1708 0 1 7279.51 -7628.47
1709 1 1 -7149.19 -19790.7
1710 1 1 -7455.64 -7244.98
1711 0 1 7371.53 -7673.63
1712 1 1 -7117.25 -7054.16
1713 0 0 6911.37 7012.04
1714 1 0 -7675.78 7748.98
1715 0 0 6885 7203.98
1716 0 0 7129.72 7428.49
1717 0 0 6654.79 6961.41
1718 1 0 -7443.37 7395.11
1719 1 1 -7450.86 -7313.04
1720 0 0 7112.49 7357.6
1721 1 0 -7301.74 7273.29
1722 0 0 7165.26 7611.4
1723 1 0 -7839.91 7692.45
1724 1 0 -7281.21 7680.11
1725 0 0 7110.44 7583.82
1726 0 0 6913.38 7163.44
1727 1 1 -7356.4 -7283.01
1728 1 1 -7299.09 -7153.85
1729 1 0 -7238.56 10642.1
1730 0 1 7489.18 -7729.99
1731 1 0 -7661.69 7716.76
1732 0 0 7059.04 7490.02
1733 0 0 12124.9 7129.93
1734 1 1 -7308.5 -7246.53
1735 0 1 7568.76 -7763.51
1736 1 1 -7056.73 -6953.06
1737 1 1 -7387.85 -7623.2
1738 0 1 7318.35 -7365.56
1739 0 0 6905.18 11313.4
1740 1 0 -7226.16 7231.9
1741 1 0 -10209.2 27061.7
1742 0 0 7186.5 7575.5
1743 0 1 7422.44 -7639.63
1744 1 1 -7439.32 -7054.04
1745 1 1 -7186.22 -6947.69
1746 0 1 7368.29 -7749.57
1747 1 0 -7355.53 7411.63
1748 0 1 7328.05 -7382.5
1749 0 1 7354.14 -7701.87
1750 1 0 -7859.49 7588.09
1751 0 1 7162.7 -7981.87
1752 0 0 6972.43 7114.75
1753 1 0 -7410.71 7551.66
1754 1 0 -7681.76 7382.02
1755 0 0 6807.8 7080.68
1756 0 0 6742.63 7028.36
1757 0 0 7019.66 7018.84
1758 1 1 -7371.83 -7032.7
1759 0 1 7447.81 -8001.89
1760 0 1 7155.27 -7279.52
1761 1 0 -7649.4 7688.22
1762 1 1 -7165.25 -6955.64
1763 0 0 7225.66 7364.88
1764 1 0 -7589.88 7397.53
1765 0 1 7156.82 -7140.25
1766 1 0 -7389.99 7294.48
1767 1 1 -7156.69 -7073.11
1768 0 1 7315.17 -7693.38
1769 0 0 7133.71 7472.11
1770 1 1 -9317.87 -7454.41
1771 1 0 -7509.41 7405.12
1772 0 1 7316.64 -7700.84
1773 1 1 -7177.85 -6933.49
1774 0 1 7341.64 -7134.7
1775 1 1 -7323.15 -7139.03
1776 0 1 7257.57 -7704.92
1777 0 1 7420.15 -7619.66
1778 0 1 7403.67 -7734.61
1779 0 0 6855.53 7239.02
1780 1 0 -7751.06 7634.32
1781 1 0 -7775.36 7608.42
1782 1 0 -7285.92 13706.3
1783 1 0 -7541.14 7519.93
1784 0 1 7354.12 -7685.27
1785 0 0 7180.3 7386.32
1786 0 1 7831.16 -7123.44
1787 0 0 7111.36 7513.15
1788 1 0 -7765.58 7770.31
1789 1 0 -7625.26 7547.94
1790 1 0 -7654.41 7522.95
1791 0 0 7169.45 7378.74
1792 0 0 7508.73 7283.55
1793 1 1 -7354.85 -7086.03
1794 0 0 7013.44 7366.61
1795 1 0 -7270.81 7431.14
1796 0 0 7034.2 7327.81
1797 1 0 -7785.77 7705.52
1798 0 1 7508.19 -7565.12
1799 1 1 -7396.93 -7087.27
1800 1 1 -7299.7 -7188.45
1801 0 1 7407.97 -7384.02
1802 1 0 -7799.11 7734.42
1803 1 1 -7032.46 -6800.58
1804 1 0 -7842.5 7774.82
1805 0 1 7454.47 -7640.17
1806 1 0 -7463.73 7406.21
1807 0 0 7861.06 8494.99
1808 0 1 7150.71 -7314.51
1809 0 1 7964.48 -7688.8
1810 1 1 -7255.13 -7121.5
1811 1 0 -7635.08 7561.01
1812 1 1 -7379.57 -6999.41
1813 1 1 -7496.56 -7339.99
1814 1 0 -7686.36 7771.25
1815 1 1 -7162.7 -7290.83
1816 1 1 -7459.6 -7401.26
1817 0 0 7090.06 7357.43
1818 0 1 7372.78 -7444.73
1819 0 0 6980.94 7378.75
1820 0 0 6748.84 6977.79
1821 0 0 6898.86 7071.98
1822 0 1 24691.9 -7503.17
1823 1 0 -7641 7659.96
1824 0 1 7070.49 -7129.63
1825 0 1 7153.24 -7270.99
1826 1 0 -7685.06 7550.85
1827 1 1 -7327.06 -7184.69
1828 0 0 9468.38 7031.39
1829 0 0 6815.59 7251.86
1830 1 0 -7772.41 7586.74
1831 0 1 7363.31 -7631.51
1832 1 1 -7126.83 -7046.38
1833 1 0 -7144.05 7104.6
1834 0 1 7405.32 -7681.22
1835 1 1 -7200.94 -7029.73
1836 1 1 -7338.93 -7165.51
1837 1 0 -7597.67 7716.66
1838 0 0 6672.81 10105.5
1839 0 1 7194.79 -7128.22
1840 1 0 -7193.02 7484.47
1841 1 0 -7684.06 7601.8
1842 1 1 -7353.01 -6992.48
1843 0 0 6854.02 18103.2
1844 1 0 -7667.64 7716.81
1845 0 0 7005.65 7343.24
1846 1 1 -7392.59 -9186.87
1847 0 0 6948.23 7132.76
1848 0 0 7063.13 7379.66
1849 0 1 7293.48 -7549.23
1850 0 1 7096.33 -7160.87
1851 0 0 6881.9 7118.89
1852 0 0 10197.4 10043.2
1853 0 1 7260.9 -7563.52
1854 0 0 7235.96 7111.15
1855 1 1 -7200.89 -6936.78
1856 0 1 7431.7 -7701.19
1857 1 1 -7051.11 -6829.24
1858 1 0 -7770.83 7732.84
1859 1 0 -7447.76 7508.26
1860 0 0 7084.74 7633.25
1861 1 0 -7499.19 7571.46
1862 0 1 7164.96 -7406.47
1863 0 1 7335.16 -7401.15
1864 1 0 -7660.6 7599.86
1865 1 1 -7498.4 -7284.74
1866 0 1 7148.08 -7907.79
1867 1 0 -7488.02 7567.21
1868 1 0 -7772.26 7513.64
1869 1 0 -7745.34 7796.67
1870 1 1 -7147.91 -7050.59
1871 1 1 -7147.1 -6964
1872 1 0 -7261.27 7671.92
1873 1 1 -7102.71 -6996.18
1874 0 0 7078.34 7500.61
1875 0 1 7571.75 -7758.35
1876 1 1 -7204.56 -7201.89
1877 1 1 -7154.33 -6989.6
1878 1 1 -7132.55 -6979.36
1879 1 0 -7488.63 7323.6
1880 1 0 -7359.68 7433.73
1881 0 0 7144.29 7382.41
1882 0 1 7603.15 -7418.45
1883 1 1 -7463.39 -7321.5
1884 0 1 7403 -7733.41
1885 1 0 -7808.6 7599.11
1886 1 1 -8431.89 -7075.92
1887 0 1 7405.14 -12102.2
1888 0 0 6972.05 7319.68
1889 1 0 -7532.43 7349.06
1890 1 1 -7483.87 -7321.94
1891 1 0 -7212.35 7453.1
1892 1 0 -10650.8 7483.19
1893 0 1 7213.96 -7356.5
1894 0 0 7110.68 7645.12
1895 0 0 7064.2 7532.76
1896 1 0 -7660.64 7717.84
1897 0 0 7018.3 7571.07
1898 0 1 7003.47 -7131.19
1899 0 1 7381.99 -7449.85
1900 0 1 7189.13 -7092.74
1901 1 0 -7678.1 7671.9
1902 1 1 -7483.34 -7308.81
1903 0 1 15298.7 -7296.57
1904 0 0 6769.98 7028.76
1905 0 1 7421.23 -7604.72
1906 1 0 -7784.49 7791.01
1907 1 1 -7421.38 -7261.87
1908 0 0 7318.46 7271.05
1909 1 0 -7623.22 7696.16
1910 1 0 -7249.74 7367.08
1911 0 0 21391.8 7236.47
1912 1 0 -7533.61 7504.67
1913 0 0 7155.39 7447.05
1914 0 0 6902.49 7077.78
1915 0 0 7600.76 7263.16
1916 0 0 6787.42 7209.43
1917 1 1 -7304.32 -7186.02
1918 1 1 -7251.79 -6946.78
1919 1 1 -7432.32 -7271.72
1920 0 0 6626.37 6930.32
1921 0 0 7052.65 7563.93
1922 1 1 -7179.79 -7215.06
1923 1 1 -7410.73 -7039.36
1924 0 1 7198.45 -7325.89
1925 1 1 -7071.79 -6890.01
1926 0 1 7169.96 -7485.13
1927 1 0 -7755.44 7892.57
1928 1 1 -7508.03 -6907.27
1929 0 1 16454.1 -7180.14
1930 1 1 -7167.09 -6971.45
1931 0 0 6758.06 7003.64
1932 1 1 -7405.18 -7272.31
1933 0 1 7329.09 -7552.4
1934 0 0 7135.14 7346.1
1935 1 0 -7771.77 7636.63
1936 0 0 6817.27 7087.35
1937 0 1 7294.42 -7491.24
1938 1 0 -7682.31 7601.83
1939 1 0 -7385.84 7426.57
1940 0 1 7368.57 -7081.92
1941 0 1 7345.3 -7696.35
1942 0 1 7073.95 -7217.57
1943 0 0 7246.27 7488.42
1944 1 0 -7616.91 7548.54
1945 0 0 7081.69 7488.79
1946 1 0 -7237.26 7324.46
1947 0 0 7099.47 7432.9
1948 1 1 -7293.05 -7192.94
1949 1 1 -7371.82 -7108.04
1950 1 0 -7280.49 7397.09
1951 0 0 6871.49 7245.29
1952 0 0 7227.6 7384.57
1953 1 0 -7427.35 7482.3
1954 0 0 7048.68 7506.3
1955 0 1 7548.83 -7731.62
1956 0 1 7312.42 -7607.9
1957 1 1 -8677.68 -6927.57
1958 0 0 6927.64 8205.99
1959 1 0 -7820.45 7559.39
1960 1 1 -7462.94 -7453.22
1961 1 1 -7317.93 -7152.47
1962 0 0 7111.37 7618.47
1963 1 0 -7620.59 7674.01
1964 0 0 7024.96 7366.61
1965 1 1 -13770.2 -7212.82
1966 0 1 7118.53 -7528.82
1967 0 0 7159 7249.04
1968 0 0 6872.42 7176.2
1969 0 1 7282.75 -7571.23
1970 1 0 -7799.94 7974.73
1971 1 0 -7335.51 7338.5
1972 0 0 6774.65 7115.95
1973 0 0 7076.93 7441.04
1974 0 0 6836.9 7787.03
1975 1 1 -7057.71 -7038.48
1976 1 0 -7344.35 7360.3
1977 0 0 6848.53 15297.8
1978 0 1 7114.27 -7155.21
1979 1 1 -7517.7 -7410.01
1980 1 1 -7271.52 -7176.6
1981 1 1 -7552.18 -7391.9
1982 0 1 7650.03 -7697.14
1983 0 0 7022.22 7372.36
1984 1 0 -7712.31 7807.73
1985 1 1 -7406.71 -7217.25
1986 0 0 6997.52 7436.99
1987 1 1 -7474.07 -7347.01
1988 1 1 -7212.23 -7096.4
1989 0 0 6684.16 7198.13
1990 0 1 7328.67 -7668.81
1991 0 1 7286.73 -7510.2
1992 1 1 -7936.38 -7390.37
1993 1 1 -8152.3 -7060.96
1994 1 0 -7736.41 7831.9
1995 1 0 -7701.91 7452.36
1996 0 0 6972.16 7412.39
1997 1 1 -7293.33 -7224.82
1998 1 1 -7312.57 -7307.86
1999 1 1 -7356.46 -7272.76
2000 1 0 -7738.34 7750.72
2001 1 0 -7216.24 7195.5
2002 0 1 7617.18 -7127.5
2003 1 0 -7632.45 7537.91
2004 1 0 -11817.1 7598.74
2005 0 1 7375.44 -7654.47
2006 0 1 7163.53 -7545.37
2007 1 0 -7396.69 7485.24
2008 0 1 7346.98 -7588.82
2009 0 0 7054.39 9244.96
2010 0 0 7050.25 7326.15
2011 0 1 7201.84 -7203.97
2012 1 0 -7444.83 7502.98
2013 0 1 7240.38 -7341.93
2014 1 0 -7481.84 7338.91
2015 0 0 7155.93 7556.25
2016 1 1 -7359.89 -7152.66
2017 0 0 7257.8 7577.17
2018 1 0 -7181.03 7167.61
2019 0 1 7296.99 -7216.07
2020 0 0 6884.06 7063.82
2021 1 0 -7925 7678.25
2022 1 1 -7155.59 -7056.07
2023 1 1 -7114.68 -6770.73
2024 1 1 -7523.35 -7387.38
2025 0 0 6781.45 7015.19
2026 1 1 -7012.08 -6633.46
2027 1 0 -7453.33 9352.76
2028 1 0 -7345.88 7387.38
2029 0 1 7322.7 -7706.86
2030 1 0 -7747.54 7618.04
2031 1 0 -7493.38 11050.2
2032 0 1 7320.21 -7695.92
2033 1 0 -7768.54 7619.66
2034 1 0 -7528.79 9021.8
2035 1 0 -7335.74 7314.98
2036 0 1 7001.36 -7055.45
2037 0 0 6867.03 7228.99
2038 0 1 7423.83 -7669.62
2039 1 1 -7417.52 -7326.04
2040 0 1 7274.33 -7648.45
2041 1 1 -7095.43 -6903.81
2042 1 0 -7778.06 7598.84
2043 1 0 -7636.73 7610.96
2044 1 0 -7634.23 7620.84
2045 0 0 7115.53 7353.37
2046 1 1 -7399.04 -7244.57
2047 0 1 7418.01 -8023.6
