0 1 0 -7254.1 7120.89
1 0 0 7308.95 6981.23
2 1 1 -7409.55 -7547.79
3 1 1 -7493.65 -7518.59
4 0 1 7227.42 -7392.65
5 1 0 -6922.85 6993.47
6 0 0 7694.21 7325.56
7 0 1 7346.7 -7290.12
8 1 0 -7212.2 7146.39
9 1 1 -7531.44 -7562.66
10 1 1 -7114.32 -7442.08
11 1 0 -7465.31 7506.87
12 0 1 7355.12 -7505.96
13 1 0 -7016.71 6884.5
14 0 1 7377.83 -7494.91
15 0 0 7056.06 6933.2
16 0 1 7263.67 -7117.54
17 0 0 7351.12 7144.62
18 1 1 -7407.88 -7691.29
19 1 0 -7291.55 7412.05
20 1 0 -7434.39 7423.82
21 1 1 -7426 -7648.69
22 0 0 7454.24 11377.4
23 1 1 -7393.92 -7554.79
24 0 0 7314.66 7129.96
25 1 1 -7222.73 -7375.7
26 1 1 -6917.79 -7153.55
27 1 0 -7482.75 11572.1
28 0 0 7264.73 6857.57
29 0 0 7728.54 7213.35
30 1 1 -7077.67 -7386.5
31 1 1 -7566.46 -7525.42
32 0 1 7318.87 -7231.65
33 0 1 7240.76 -10264.2
34 0 0 7400.53 7083.14
35 1 1 -7522.39 -7657.48
36 1 1 -7518.36 -7753.17
37 0 0 7262.42 7103.52
38 1 1 -7783.07 -7363.31
39 0 0 7505.52 7351.93
40 0 1 7284.61 -7230.1
41 1 0 -7321.48 7507.14
42 0 0 7342.61 7083.1
43 0 0 7696.13 7345.7
44 1 1 -6998.28 -7238.87
45 1 1 -7096.5 -7418.93
46 1 1 -7619.37 -7674.14
47 0 1 7335.24 -7573.48
48 1 1 -7402.61 -7513.64
49 1 0 -7210.71 7219.93
50 1 0 -7312.23 7590.16
51 1 0 -7347.24 7530.7
52 0 0 7412.05 7295.44
53 0 1 7019.61 -7100.13
54 1 0 -7435.89 7612.21
55 0 1 7216.15 -7310.78
56 1 0 -7444.87 7384.28
57 1 1 -7589.23 -7654.2
58 0 0 7609.74 7314.86
59 0 1 7319.86 -7246.42
60 1 0 -7415.76 7452.1
61 1 1 -17049.3 -7178.54
62 0 0 7677.56 7327.34
63 0 0 7430.47 7251.5
64 0 0 7756.31 7044.67
65 1 0 -14811.6 7105.9
66 1 1 -7509.89 -7628.61
67 1 1 -7397.78 -7469.97
68 0 1 7382.86 -7457.05
69 1 0 -7337.57 7243.89
70 0 1 7470 -7650.92
71 1 1 -7449.41 -7704.91
72 1 1 -7173.9 -7353.24
73 0 1 7182.71 -7403.58
74 0 1 7338.74 -7586.54
75 0 1 6935.14 -7004
76 0 1 7391.44 -7532.92
77 0 0 7480.69 7173.25
78 1 1 -7151.24 -7332.03
79 0 0 7242.93 6996.41
80 1 1 -7089.82 -7277.31
81 0 0 7325.86 6923.28
82 0 0 7673.9 7246.1
83 1 1 -7497.7 -7577.38
84 1 0 -7541.51 7152.4
85 1 1 -7586.12 -7512.82
86 1 1 -7039.24 -7216.87
87 1 1 -7509.17 -7523.24
88 1 0 -7387.99 7503.66
89 0 1 7030.73 -6991
90 1 0 -7347.59 7274.51
91 1 1 -7160.17 -7497.54
92 1 1 -7112.3 -7283.96
93 1 0 -7826.87 7596.05
94 0 0 7573.89 7276.52
95 0 1 7064.73 -7136.91
96 1 1 -7628.87 -8615.25
97 1 0 -7068.36 6975.4
98 1 1 -7536.35 -7545.05
99 0 1 7137.71 -7994.41
100 0 1 19875.1 -7017.96
101 1 0 -7385.58 7544.98
102 1 0 -11809.5 7257.11
103 0 0 7709.44 7159.72
104 0 0 7568.81 7237.81
105 1 1 -7251.52 -7366.67
106 1 1 -7426.68 -7681.46
107 1 0 -7370.18 7335.84
108 0 1 7270.71 -7500.11
109 0 1 7172.56 -7227.36
110 0 0 7235.45 6857.12
111 0 0 7448.84 7210.69
112 0 0 7505.6 7172.99
113 0 1 7214.99 -7410.74
114 0 1 7409.04 -7222.27
115 1 0 -7485.04 7429.71
116 0 0 7730.04 7359.46
117 1 0 -7315.54 7336.54
118 1 0 -7203.85 7485.5
119 1 0 -7495.59 9043.36
120 0 1 7429.15 -7407.2
121 1 1 -6947.02 -7243.54
122 0 1 7370.63 -7589.88
123 1 0 -7265.95 7341.86
124 1 1 -6932.6 -7236.95
125 0 1 7253.29 -7528.49
126 0 0 7132.96 6905.04
127 1 1 -7217.31 -7294.93
128 0 0 7000.36 7616.64
129 0 1 7063.73 -7092.12
130 0 1 7278.73 -7379.26
131 0 0 7415.55 7152.95
132 0 0 7754.39 6864.67
133 1 1 -7373.92 -7536.77
134 0 0 7771.06 7362.81
135 0 1 7397.56 -7548.95
136 0 0 7199.28 6862.37
137 0 0 7464.79 7267.41
138 0 1 7426.23 -7675.26
139 1 1 -7116.17 -7370.21
140 0 1 7355.55 -7310.27
141 0 0 7515.46 7325.93
142 0 1 7726.11 -7555.64
143 0 0 7558.81 7224.28
144 0 0 7303.29 11070.3
145 1 0 -6926.24 7229.21
146 0 1 7465.07 -7678.75
147 1 0 -7339.32 7425.02
148 0 0 7537.9 7094.8
149 0 1 7116.65 -7185.05
150 0 0 7315.63 7077.19
151 1 1 -7568.15 -7657.58
152 0 1 7479.63 -7661.21
153 1 0 -7189.36 7177.47
154 0 1 7406.65 -7722.23
155 1 1 -7447.84 -7527.91
156 1 0 -6887.31 23796
157 0 0 7587.07 7287.55
158 1 0 -7360.12 7159.52
159 1 0 -7218.26 7160.61
160 0 1 7415.89 -7437.17
161 0 0 7543.96 7402.6
162 1 1 -7175.74 -7364.57
163 1 1 -7639.15 -7718.16
164 0 1 7371.33 -7455.9
165 0 0 7465.25 7763.77
166 1 0 -7461.94 7631.43
167 1 0 -8166.16 7229.06
168 0 0 10178.5 7239.65
169 1 0 -7119.71 7006.29
170 1 1 -7373.39 -7529.89
171 0 0 7365.57 7163.45
172 0 1 7308.26 -7177.76
173 1 0 -7230.8 7117.76
174 0 1 7119.44 -7223.19
175 1 1 -7078.51 -7207.04
176 1 1 -7381.59 -7489.01
177 0 0 7478.09 7266.68
178 1 1 -7635.95 -7720.26
179 1 1 -7174.36 -9624.17
180 1 0 -7277.39 7056.83
181 0 1 7447.6 -7426.29
182 1 0 -7247.17 7213.38
183 1 1 -7098.94 -7374.69
184 1 0 -7291.06 7403.02
185 1 1 -7394.02 -7470.96
186 1 1 -6831.36 -7103.73
187 0 0 7251.93 7098.09
188 0 0 7717.84 7272.03
189 1 0 -17548.1 7010.28
190 1 1 -7629.92 -7716.63
191 1 1 -7141.54 -7495.1
192 0 0 7339.28 17624.7
193 1 1 -7705.83 -7686.34
194 1 1 -9412.86 -7687.02
195 0 0 7519.99 7189.82
196 1 0 -7425.55 7411.69
197 1 1 -7002.87 -7202.56
198 1 0 -7297.31 7509.63
199 1 1 -7089.28 -7458.75
200 0 0 7533.19 7374.39
201 1 0 -7153.29 7016.77
202 0 1 7240.7 -7268.97
203 0 0 7412.04 7326.44
204 1 0 -7309.04 7378.07
205 0 1 7385.39 -7550.83
206 0 0 7502.4 7093.02
207 1 1 -7420.18 -7639.64
208 0 1 7142.93 -7199.45
209 0 0 7229.25 6911.47
210 0 0 7505.52 7343.33
211 0 1 7443.89 -7474.88
212 0 1 7033.83 -7020.53
213 1 0 -7231.12 7132.08
214 1 1 -7094.77 -7200.16
215 1 1 -7188.31 -8170.69
216 1 1 -7563 -7613.3
217 1 1 -7277.52 -7376.48
218 0 0 7379.36 6980.3
219 1 0 -7108.45 7163.69
220 0 0 7135.9 6972.55
221 1 0 -7481.99 7582.05
222 1 1 -7188.62 -9086.41
223 1 0 -7102.25 7068.77
224 0 0 7209.22 7060.11
225 1 0 -7289.13 7505.43
226 0 0 7132.56 6884.56
227 0 1 7047.32 -7056.4
228 0 0 7177.43 6916.77
229 0 0 7709.59 7315.23
230 1 1 -7507.24 -7564.18
231 1 1 -7069.51 -7328.15
232 0 1 7087.17 -7214.42
233 1 0 -7474.54 7508.65
234 1 1 -7449.65 -7574.16
235 1 1 -7249.14 -14479
236 1 1 -7496 -7629.33
237 0 0 7809.81 6840.75
238 1 0 -7329.59 6965.23
239 0 1 7277.68 -7185.43
240 1 0 -7562.37 7528.2
241 1 1 -7129.46 -7387.46
242 1 1 -7266.88 -7278.18
243 0 0 7601.68 7222.52
244 0 1 7212.53 -7060.96
245 1 0 -7435.91 7410.73
246 1 1 -7080.77 -7293.84
247 1 1 -7021.72 -7277.95
248 1 1 -7460.95 -7686.49
249 0 0 7368.21 6971.47
250 1 0 -7249.64 7383.51
251 1 1 -7467.8 -7604.16
252 0 1 7236.02 -7351.67
253 1 0 -7201.55 7115.04
254 0 0 7684.54 7333.91
255 1 0 -7119.68 7136.28
256 0 0 7479.38 7150.45
257 0 1 7105.02 -7091.88
258 0 1 7021.9 -7077.58
259 0 1 7206.03 -7435.89
260 1 1 -7575.24 -7421.07
261 0 1 7112.51 -7221.38
262 1 1 -19996 -7290.36
263 0 1 7245.56 -7383.25
264 1 0 -9306.04 7304.7
265 1 0 -7765.53 7549.32
266 0 0 7479.73 7449.73
267 1 0 -7280.07 7187.6
268 1 0 -7420.22 7588.72
269 1 1 -7539.53 -7482.34
270 1 1 -7521.36 -7601.07
271 0 1 7332.84 -7510.61
272 0 1 9128.53 -7358.12
273 0 0 7081.06 6978.8
274 1 1 -7657.16 -7679.02
275 1 1 -7150.44 -7228.57
276 0 1 7415.33 -7202.69
277 1 0 -6925.06 7179.7
278 1 1 -7153.53 -7222.62
279 0 1 9477.79 -7204.29
280 0 1 7373.43 -7361.82
281 1 0 -7183.86 6948.48
282 1 0 -7498.37 7422.67
283 0 1 7250.24 -7186.22
284 0 1 7166.56 -7266.31
285 0 1 7404.4 -7084.61
286 1 1 -7153.79 -7399.45
287 1 0 -7056.2 7840.27
288 1 0 -7169.25 7254.39
289 1 1 -7140.29 -7303.32
290 1 1 -7166.42 -7336.33
291 0 1 7330.49 -7422.84
292 0 1 7137.14 -7177.5
293 1 1 -7104.22 -7225.85
294 0 0 7544.16 7292.27
295 1 0 -7097.97 7111.91
296 1 0 -7197.27 7223.2
297 1 0 -7274.71 6990.51
298 1 0 -7220.18 6981.33
299 0 0 7230.4 24392.1
300 0 1 7274.91 -7263.11
301 1 0 -7122.04 7063.01
302 1 1 -7264.95 -7580.89
303 0 0 7513.41 7239.97
304 1 0 -7308.79 7437.62
305 0 1 7384.98 -7674.05
306 1 1 -7087.31 -7223.41
307 0 0 7444.03 7017.03
308 1 0 -7330.9 11038.4
309 1 1 -7427.5 -7488.21
310 1 0 -7578.25 7539.69
311 1 1 -9520.22 -7440.97
312 0 1 7364.02 -7410.86
313 1 0 -7384.63 7127.39
314 1 0 -7445.24 7294.55
315 0 1 22406.6 -6954.86
316 0 1 7191.28 -7160.85
317 0 0 7358.98 7204.43
318 0 1 7238.59 -7291.76
319 0 1 7226.71 -7467.66
320 1 0 -7108.83 7089.96
321 1 0 -7334.5 7174.04
322 1 0 -7227.66 7118.71
323 1 0 -7460.33 7519.5
324 1 1 -7597.02 -7498.18
325 0 0 7440.29 7239.75
326 1 1 -7404.92 -7503.01
327 1 1 -7404.96 -7498.79
328 0 1 7396.5 -7242.1
329 1 1 -7507.1 -7593.99
330 0 1 7285.52 -7421.92
331 1 0 -7067.85 13886.5
332 1 0 -7157.95 7100.19
333 1 1 -7155.56 -7273.75
334 1 0 -7247.18 8728.38
335 1 1 -7139.65 -7185.9
336 0 0 7301.35 6896.76
337 0 1 7143.19 -7140.22
338 1 0 -7409.33 7195.89
339 1 1 -7185.01 -7264.78
340 0 0 7608.52 7375.44
341 0 1 10983 -7274.48
342 0 0 7283.72 7217.67
343 1 0 -7422.02 7501.22
344 0 0 7381.03 7285.67
345 1 0 -7056.63 7036.05
346 0 1 7110.06 -7126.96
347 0 1 7311.34 -7116.44
348 0 0 17005.4 7031.12
349 0 1 7848.77 -7465.83
350 1 0 -7142.96 7233.83
351 0 0 7636.25 7419.51
352 0 1 7481.87 -7303.4
353 1 1 -7408.47 -7151.98
354 1 1 -7193.79 -7420.32
355 0 1 7275.16 -7409.54
356 0 0 7301.58 7132.47
357 1 1 -7623.64 -7498.62
358 1 1 -7012.2 -18486.2
359 1 0 -7593.21 7592.01
360 0 0 7631.77 7238.19
361 1 0 -7363.02 7336.47
362 0 1 7725.78 -7450.28
363 1 0 -7311.57 9590.42
364 1 0 -7225.32 7124.67
365 1 1 -7421.34 -7501.72
366 0 1 7276.01 -7543.32
367 1 0 -7442.01 7648.79
368 0 0 7407.69 7244.52
369 1 0 -7421.61 7189.48
370 0 1 7458.2 -7411.22
371 0 0 7342.34 7176
372 0 0 7549.23 7234.88
373 0 0 7386.92 7016.8
374 0 0 7651.08 7332.23
375 0 0 7603.96 7272.88
376 0 0 7473.63 7380.41
377 0 1 7383.69 -7526.26
378 0 1 7216.74 -7584.3
379 1 0 -7232.41 7082.57
380 1 0 -7800.78 8760.9
381 0 1 7329.86 -7235.52
382 1 1 -7217.42 -7477.53
383 0 1 7533.2 -7089.12
384 0 0 7450.47 7194.63
385 0 1 7201.65 -7042.54
386 0 0 7419.35 7312.52
387 0 1 7116.01 -7158.57
388 1 1 -7619.85 -7683.06
389 0 1 7195.59 -7326.47
390 1 1 -7427.98 -7469.61
391 0 0 7455.96 7271.26
392 1 1 -7010.52 -7105.33
393 0 1 9363.81 -7325.88
394 1 0 -7397.18 7397.35
395 1 0 -7497.49 7526.4
396 0 0 7476.89 7384.47
397 0 0 7660.58 7247.92
398 0 1 7427.31 -8570.59
399 1 1 -7259.62 -7391.02
400 0 1 15364.2 -7417.16
401 0 0 7502.3 7405.43
402 1 0 -7305.66 7480.46
403 1 1 -7646.85 -7592.37
404 0 1 7446.87 -7605.94
405 0 0 7649.58 7098.39
406 0 1 7770.22 -7549.69
407 1 1 -7171.89 -7469.76
408 0 1 7087.95 -7122.2
409 0 1 16675.7 -7540.63
410 1 1 -7485.76 -7614.43
411 0 1 7387.68 -7715.65
412 0 0 7665.22 7222.23
413 0 1 7273.99 -7407.97
414 1 1 -6843.08 -6988.88
415 0 1 7232.16 -7276.73
416 0 1 7196.98 -7333.3
417 0 1 7125.17 -7150.8
418 0 0 7405.81 7318.16
419 1 1 -7462.49 -7603.59
420 0 0 7437.57 7196.56
421 0 0 7359.67 7129.26
422 0 0 11148.6 7178.36
423 0 0 7665.85 7385.3
424 0 0 7548.5 7340.71
425 0 1 7456.01 -7591.11
426 1 0 -7325.03 7411.27
427 1 0 -7155.13 7403.14
428 1 0 -7194.59 7219.24
429 0 0 7521.49 7274.42
430 1 1 -6998.69 -7332.66
431 1 0 -7311.14 7147.07
432 0 0 7539.52 7540.64
433 0 1 7256.24 -7334.21
434 0 1 7423.07 -7671.55
435 0 1 7420.16 -7491.89
436 1 1 -7297.88 -7230.93
437 1 0 -13126 7270.85
438 0 1 6967.22 -7009.08
439 1 0 -7299.02 7234.46
440 0 0 7359.36 7071.79
441 1 0 -7270.63 7419.9
442 0 1 7039.19 -7326.12
443 1 1 -7492.59 -7427.83
444 0 1 7057.48 -7238.19
445 0 0 7363.5 10027
446 0 0 7298.44 7198.04
447 0 1 7124.27 -7067.29
448 0 0 8832.54 7052.65
449 0 1 7317.29 -7305.51
450 0 1 7211.63 -7352.48
451 1 1 -7280.26 -9476.71
452 1 0 -7262.09 7203.42
453 1 1 -7591.75 -8053.36
454 1 1 -11088.2 -7483.51
455 1 1 -7197.54 -19631.3
456 0 0 7198.99 7143.06
457 0 0 7408.43 7218.13
458 0 0 7518.26 7197.29
459 1 0 -8362.4 7132.93
460 1 0 -6973.38 7083.09
461 1 0 -7517.83 7593.53
462 0 0 19861.4 7052.14
463 1 1 -7298.27 -7295.8
464 1 0 -7340.21 7547.87
465 1 0 -7315.35 8215.52
466 1 1 -6975.22 -7163.89
467 1 1 -7507.26 -7539.18
468 0 0 7508.08 7226.24
469 0 1 7221.63 -7279.48
470 1 0 -7252.94 7210.76
471 0 1 7042.12 -7319.68
472 0 0 7483.83 7222.61
473 1 1 -7434.13 -7499.34
474 0 1 7017.16 -8434.62
475 1 1 -7717.67 -7669.15
476 1 1 -7557.52 -7610.03
477 0 0 7617.72 7292.94
478 0 1 7294.41 -7540.74
479 1 0 -7043.09 7040.41
480 1 0 -7406.17 7187.94
481 1 1 -7522.44 -7517.76
482 0 0 7194.5 7756.57
483 0 0 7482.68 7245.29
484 1 0 -7877.82 7214.46
485 1 0 -7092.1 7771.66
486 1 0 -7332.5 7439.84
487 0 1 7312.34 -7230.44
488 1 1 -7129.22 -7440.36
489 1 0 -7053.83 7089.35
490 0 1 7405.35 -7718.8
491 0 1 8056.12 -7304.52
492 0 1 7267.76 -10141.7
493 1 0 -7483.93 7589.16
494 1 1 -7171.24 -7521.98
495 0 1 7415.13 -7647.38
496 1 1 -7119.65 -7245.41
497 0 1 7302.74 -7551.67
498 1 0 -6929.88 6903.17
499 1 1 -7491.01 -7618.33
500 1 1 -7473.1 -7574.2
501 1 1 -7121.67 -7229.04
502 1 1 -7510.02 -7466.85
503 0 0 7658.28 7394.43
504 0 0 7952.37 7290.72
505 1 1 -7588.7 -7536.34
506 1 1 -7517.19 -7630.77
507 0 0 7492.33 7276.33
508 0 0 7430.73 7201.78
509 0 0 7482.46 7371.33
510 0 1 7426.91 -7419.61
511 0 0 6984.12 6873.22
512 0 0 8020.74 12971.5
513 0 0 7554.53 7374.78
514 1 1 -7107.94 -7389.41
515 0 0 7544.62 7318.84
516 1 1 -7261.37 -7412.45
517 0 0 7586.8 7211.28
518 1 1 -7426.68 -7501.67
519 0 1 7271.83 -7474.92
520 0 0 7687.19 7168.27
521 1 0 -7096.96 6977.23
522 1 0 -7278.07 7210.68
523 1 0 -7174.25 7086.44
524 1 0 -7343.12 7545.77
525 1 1 -7248.49 -18758.7
526 1 0 -7338.66 7572.77
527 0 0 7492.99 7347.8
528 0 1 7397.53 -7413.22
529 0 0 7546.9 11618
530 1 1 -7389.58 -7556.14
531 0 0 7213.45 6934.43
532 0 0 7682.36 7375.89
533 0 1 7138.72 -7327.87
534 1 1 -17775.3 -7294.28
535 0 0 7334.31 7074.25
536 0 1 7264.62 -7492.58
537 1 0 -7424.59 7501.51
538 0 1 7317.37 -7386.58
539 0 1 7328.7 -7575.82
540 0 0 7494.59 7167.28
541 0 0 7639.94 8077.36
542 0 1 7322.73 -7609.21
543 0 1 7257.46 -7388.04
544 0 0 7492.31 7172.55
545 1 1 -7570.39 -7706.67
546 1 0 -7265.42 7365.1
547 1 1 -7461.03 -7193.57
548 1 1 -7295.67 -7261.64
549 1 0 -7247.85 7103.1
550 0 1 15613.7 -9459.38
551 0 1 7429.31 -7597.69
552 1 0 -7265.28 8349.27
553 0 0 7515.38 7286.57
554 1 0 -7424.51 7617.57
555 1 1 -7449.2 -7669.18
556 0 1 7317.01 -7543.26
557 0 0 7684.12 7309.14
558 0 0 7705.84 7305.05
559 1 0 -7187.54 7112.91
560 0 0 7350.93 7129.96
561 1 1 -7069.48 -7283.6
562 0 0 8278.12 7019.39
563 1 1 -7458.06 -7485.94
564 0 1 7231.61 -7179.16
565 1 1 -7273.76 -11411
566 0 0 7571.14 7347.99
567 0 1 7423.97 -7408.12
568 0 1 7125.73 -7206.27
569 0 0 7589.47 7311.36
570 1 0 -7408.87 7368.39
571 0 1 7331.94 -7478.43
572 0 1 7408.88 -7420.58
573 0 1 7216.11 -8450.74
574 1 1 -7454.12 -7554.22
575 1 1 -7495.52 -7575.98
576 1 1 -8946.16 -7382.79
577 0 0 7639.44 7343.45
578 0 0 7314.75 7258.79
579 1 1 -7527.94 -7505.15
580 0 0 7633.65 7301.06
581 1 0 -7585.83 7032.29
582 1 0 -7177.41 7243.13
583 1 0 -7143.17 6981.26
584 1 1 -7466.01 -7529.22
585 0 1 7054.44 -7104.1
586 1 1 -7194.45 -7433.21
587 1 0 -7532.86 7556.77
588 1 0 -7157.32 7148.74
589 1 0 -7194.07 7103.58
590 1 1 -6949.81 -8020.89
591 0 1 7274.07 -7412.96
592 1 1 -7244.43 -7293.63
593 0 0 7419.82 7294.54
594 1 0 -7061.19 6971.77
595 1 1 -6987.42 -7234.86
596 1 0 -7123.49 22301.3
597 1 1 -7387.51 -7578.04
598 1 0 -6885.11 6936.43
599 1 1 -7512.42 -7134.1
600 1 0 -7931.68 7173.56
601 0 0 7112.04 6997.74
602 1 0 -7364.74 7495.71
603 1 0 -7203.32 7098.34
604 1 1 -7635.02 -7725.49
605 1 0 -7352.13 7541.74
606 0 0 7693.17 7203.68
607 1 1 -7238.42 -7308.21
608 1 0 -7302.73 7374.22
609 1 1 -7082.36 -7145.38
610 1 1 -7136.35 -10134.9
611 1 0 -7138.16 7194.49
612 0 1 7074.68 -7247.56
613 0 0 7453.17 6868.56
614 0 1 7458.89 -7484.1
615 0 0 8488.86 9805.1
616 0 0 7497.92 7304.76
617 1 1 -7457.29 -7618.52
618 0 1 7168.68 -7289.64
619 1 0 -7307.8 7538.43
620 1 0 -7298.12 7527.05
621 0 1 7366.49 -7534.76
622 0 0 7532.86 7162.67
623 1 1 -7434.46 -7652.93
624 0 1 7245.97 -7225.62
625 0 1 7062.97 -7173.07
626 1 0 -7311.94 7409.35
627 0 1 7105.65 -8055.26
628 0 0 7314.31 7055.88
629 0 1 7437.18 -7659.26
630 0 1 7418.25 -7495.01
631 1 0 -7479.35 7450.55
632 1 1 -7036.62 -7207.29
633 0 0 7267.26 6915.69
634 0 0 7716.43 7327.07
635 0 0 7082.68 12321.2
636 1 0 -6979.1 7182.74
637 1 0 -7375.28 7567.64
638 0 0 10345.3 7443.9
639 0 1 7333.35 -7324.54
640 0 1 7300.78 -7060.94
641 0 0 7606.92 7270.15
642 0 0 7513.09 7241.67
643 1 1 -7414.74 -7492.43
644 1 1 -7662.85 -7691.45
645 1 0 -7442.11 7551.16
646 1 1 -7482.37 -7642.25
647 0 0 7429.5 6927.17
648 1 1 -7379.32 -7486.71
649 1 1 -7189.05 -7373.85
650 1 0 -10271.2 7396.48
651 1 0 -7330.59 7304.62
652 0 0 7509.48 7338.84
653 1 0 -7529.52 7553.6
654 0 0 7110.19 6898.04
655 0 0 7494.06 7114.49
656 0 0 7753.92 7406.61
657 0 1 7223.83 -7223.54
658 1 0 -7193.03 7086.89
659 0 1 6990.44 -7012.85
660 1 1 -7457.38 -7511.9
661 1 1 -6936.96 -7228.32
662 1 0 -7224.29 7266.56
663 0 0 7392.8 7132.24
664 1 0 -7308.44 7395.7
665 0 1 7078.31 -7090.76
666 1 0 -6981.7 7768.48
667 0 1 12729.4 -7440.61
668 1 0 -7351.13 7416.27
669 0 1 7144.93 -7241.82
670 0 1 7348 -7502.17
671 0 1 7069.92 -7088.25
672 0 1 7293.03 -7546.53
673 0 1 7189.74 -7610.83
674 0 0 7397.61 7103.8
675 1 0 -7313.76 7407.5
676 1 0 -7055.78 7028.93
677 0 0 7593.29 7289.55
678 1 0 -7396.06 7465.22
679 0 1 7344.08 -7534.38
680 0 0 7711.3 7410.29
681 1 1 -7617.84 -7727.54
682 0 1 7479.57 -7657.23
683 0 0 7713.79 7233.3
684 0 0 7206.57 7424.76
685 0 0 7288.22 6901.08
686 1 0 -7252.84 7100.77
687 1 1 -7428.37 -7659.57
688 0 1 7448.89 -7475.62
689 1 1 -7090.05 -7264.4
690 1 0 -7250.72 7273.2
691 1 0 -7324.93 7419.39
692 1 0 -7106.84 7088.09
693 0 0 7517.15 7287.05
694 1 0 -7251.43 7089.44
695 1 0 -7065.12 6940.91
696 0 1 6931.77 -6960.15
697 0 0 7413.46 7078.65
698 0 0 7487.79 7215.23
699 0 0 7246.83 7028.18
700 1 1 -7079.44 -7242.77
701 0 0 7558.46 7104.89
702 0 0 7482.78 7363.09
703 1 0 -8597.59 7552.9
704 0 0 7170.1 6902.93
705 0 0 7645.32 7169.82
706 1 1 -7102.4 -7370.32
707 0 1 7194.82 -7327.15
708 0 1 8283.62 -7398.15
709 0 1 7275.83 -7406.94
710 1 0 -7317.62 7375.24
711 0 1 7378.1 -7211.93
712 0 0 7350.71 7089.33
713 0 1 7262.16 -7337.54
714 1 1 -7508.81 -7484.13
715 0 1 7260.23 -7481.41
716 0 1 7064.67 -7270.62
717 1 0 -7277.06 7136.94
718 0 0 7084.74 6805.26
719 0 1 7286.94 -7317.76
720 1 0 -7454.36 7423.8
721 0 1 7377.59 -7335.21
722 1 1 -7426.65 -7684.45
723 0 0 7173.03 6944.81
724 0 1 7228.15 -7332.42
725 1 0 -7352.19 7545.37
726 1 1 -7213.78 -7289.4
727 0 1 7357.48 -7347.33
728 1 0 -7330.3 7613.89
729 0 0 7442.01 7164
730 0 1 7049.66 -6973.86
731 1 0 -6956.61 7051.01
732 1 1 -7507.2 -7562.47
733 0 0 7245.34 7038
734 0 1 7170.96 -7297.66
735 1 0 -7274.8 7385.87
736 1 0 -7289.29 7272.02
737 1 1 -7225.21 -7285.54
738 0 1 7189.82 -7397
739 1 1 -7566.35 -7714.71
740 1 0 -7023.59 6926.07
741 1 0 -7033.84 8949.61
742 0 1 7423.74 -7384.62
743 1 0 -7536.82 7428.18
744 1 0 -7211.66 7129.89
745 0 0 7482.63 7291.79
746 1 0 -7495.76 7577.43
747 1 1 -7390.81 -7519.89
748 0 1 7251.39 -7518.65
749 0 1 7409.43 -7478.55
750 0 1 7130.28 -7695.24
751 0 0 7313.01 6907.22
752 0 1 19600.2 -7201.41
753 1 1 -7142 -7445.45
754 0 1 7334.08 -7029.1
755 1 0 -7033.04 7017.38
756 0 0 7728.78 6902.52
757 0 1 7307.94 -7449.37
758 1 1 -7302.53 -7109.38
759 1 0 -7326.99 7393.94
760 1 0 -7185.95 7259.49
761 0 0 7522.73 7318.66
762 0 0 7511.41 7151.69
763 0 1 7294.55 -7324.43
764 0 0 7393.37 7126.52
765 0 0 7240.28 9574.74
766 1 0 -6982.74 7016.47
767 0 1 7030.07 -7115.74
768 1 1 -7550.08 -7557.58
769 1 0 -7352.12 7481.21
770 0 0 7537.87 7151.4
771 0 1 6989.3 -7072.64
772 0 1 7097.1 -7830.89
773 0 0 7756.92 7312.43
774 0 0 7543.89 7321.7
775 1 1 -7386 -7491.66
776 0 0 7542.18 7125.67
777 1 1 -7526.66 -7482.78
778 0 0 7515.3 7279.23
779 0 1 7368.83 -7389.74
780 0 0 7553.99 7131.41
781 1 0 -7198.82 8061.14
782 0 0 7203.68 6836.96
783 1 1 -7058.39 -7202.38
784 0 1 7337.4 -7438.28
785 0 0 7434.72 7078.07
786 0 0 7628.47 7410.88
787 1 1 -7562.58 -7537.86
788 0 1 7431.14 -7362.66
789 0 0 7538.54 7325.01
790 1 1 -7505.91 -7496.24
791 1 1 -13657.5 -7249.99
792 0 0 7098.32 6849.86
793 1 0 -7419.28 7119.81
794 1 1 -7376.7 -7534.43
795 1 1 -7518.04 -7514.08
796 1 0 -7145.15 7175.88
797 0 1 7414.86 -7538.57
798 0 0 7401.44 9338.68
799 0 0 7548.85 7335.9
800 1 0 -7025.3 7212.74
801 1 0 -7358.18 7499.93
802 0 0 7445.86 7057.2
803 0 0 7688.84 7415.66
804 1 0 -7400.96 7634.4
805 1 0 -7313.85 7384.5
806 0 1 7312.24 -7508.12
807 1 0 -7423.23 7673.98
808 0 0 7384.42 7420.2
809 1 0 -7351.81 7527.77
810 0 0 7677.94 7348.05
811 1 1 -7694.46 -7677.97
812 0 1 7390.7 -7405.81
813 1 1 -7409.93 -7675.9
814 0 1 7151.55 -7249.41
815 0 1 7300.96 -7457.83
816 1 0 -7329.22 7253.4
817 1 1 -7552.87 -7557.8
818 1 0 -7337.67 6987.46
819 0 1 7326.6 -7525.57
820 1 1 -7585.19 -7760.76
821 0 1 7230.67 -7237.27
822 1 0 -7011.17 6898.44
823 1 0 -7145.41 7472.28
824 0 1 7331.95 -7234.19
825 1 1 -7407.63 -7483.79
826 0 1 7164.12 -7284.8
827 0 0 7595.22 7338.01
828 0 1 7486.74 -7509.85
829 0 1 7246.44 -7308.98
830 0 0 7593.57 7302.77
831 0 0 7549.23 7422.08
832 1 0 -7290.87 7285.09
833 1 1 -6943.86 -7321.62
834 0 0 7287.49 7095.75
835 1 0 -7329.43 7293.36
836 1 0 -7712.93 7364.23
837 1 0 -7316.85 7381.96
838 0 1 7147.76 -7438.09
839 0 0 7609.41 7207.72
840 0 1 7115.89 -7125.89
841 1 0 -7112.1 7016.33
842 0 1 7142.35 -7239.29
843 0 0 7702.85 7294.68
844 0 0 7608.25 7268.27
845 0 0 7470.02 7150.86
846 0 0 7361.19 7091.14
847 1 0 -7495.43 7647.79
848 1 1 -7601.28 -7700.19
849 1 1 -7558.27 -7542.46
850 1 0 -7448.94 7555.47
851 1 1 -7310.94 -7388.65
852 0 1 7228.18 -7300.81
853 1 1 -6954.41 -7155.29
854 1 0 -19980.9 7220.63
855 1 1 -7524.65 -7486.55
856 0 1 7042.34 -8506.66
857 0 1 7319.69 -7410.67
858 0 0 7181.79 7019.45
859 1 0 -7261.97 7295.73
860 0 1 18152.2 -8227.97
861 0 0 7637.28 8687.31
862 0 0 7267.57 6939.63
863 0 1 7265.69 -7324.85
864 1 0 -7257.81 7189.37
865 1 1 -7148.32 -7719.79
866 1 0 -7190.41 7058.45
867 1 1 -7313.59 -7241.57
868 1 0 -7385.26 7602.65
869 0 0 7736.37 7132.72
870 0 0 7488.53 7324.49
871 1 0 -7035.77 7003.88
872 0 0 7503.28 7174.41
873 0 0 7589.08 7327.47
874 0 1 7232.59 -7299.65
875 0 0 7481.43 7205.04
876 1 1 -7122.56 -7416.23
877 0 0 7646.59 7400.76
878 0 0 7526.54 7385.43
879 1 1 -23089.7 -9334.57
880 1 1 -7501.4 -7500.59
881 1 0 -7637.53 7173.69
882 0 1 7388.99 -7536.38
883 1 0 -7260.19 7568.35
884 0 1 7226.74 -7363.73
885 1 0 -7489.25 7376.34
886 0 0 7595.65 7203.33
887 1 1 -7578.92 -7712.77
888 0 1 7449.98 -7416.46
889 0 0 7486.17 7120.07
890 0 0 7541.12 7288.86
891 0 1 7329.35 -7393.99
892 1 0 -7076.03 7042.42
893 0 1 7402.14 -7659.14
894 1 0 -7349.85 8439.3
895 1 1 -7355.18 -7526.51
896 1 0 -7067.11 7007
897 1 1 -7409.96 -7647.86
898 0 0 7761.56 7016.68
899 0 0 7722 7329.03
900 0 0 7370.39 7080.1
901 0 1 7376.65 -7469.68
902 0 1 7194.25 -7315.81
903 1 0 -7346.44 11421.4
904 0 0 7310.58 7007.66
905 1 1 -7120.66 -7286.23
906 0 1 7082.84 -7131.66
907 1 1 -7478.64 -7573.31
908 1 1 -7418.33 -7515
909 1 0 -7422.1 7372.81
910 1 1 -8162.35 -7173.09
911 1 0 -7295.84 7454.67
912 0 0 7515.74 7338.89
913 0 1 7335.46 -7425.85
914 0 1 7160.85 -7217.49
915 1 1 -7468.97 -7547.03
916 0 0 7184.34 7129.29
917 1 1 -7083.6 -7298.04
918 0 0 7813.78 7400.8
919 1 0 -7067.86 6988.15
920 0 1 7447.58 -7500.93
921 1 0 -6923.98 18336.5
922 1 0 -7207.48 7206.25
923 1 0 -7195.6 7105.04
924 1 0 -6882.4 6958.49
925 1 0 -7172.71 7050.23
926 1 1 -7140.25 -7412.3
927 0 1 7370.76 -7925.66
928 1 1 -7117.23 -7371.92
929 0 0 7408.27 7210.88
930 0 0 7526.55 7189.08
931 0 0 7319.54 7074.35
932 1 0 -7043.96 6990.45
933 1 1 -7611.2 -7745.14
934 0 0 8807.84 6965.67
935 1 0 -7275 7315.99
936 1 1 -7170.27 -7433.15
937 0 0 7456.67 7078.17
938 1 1 -7414.91 -7622.07
939 1 0 -7539.78 7807.35
940 0 0 7637.84 7355.94
941 1 1 -7369.91 -7666.68
942 0 1 7500.82 -7631.34
943 1 0 -7247.56 6966.01
944 0 0 7613.84 8385.95
945 0 0 7405.66 7002.35
946 1 0 -7272.61 7396.79
947 0 1 7265.37 -7256.8
948 1 1 -7514.94 -7278.94
949 1 1 -7514.43 -7505.72
950 0 1 7391.04 -7413.71
951 0 0 7435.93 7145.17
952 0 0 7270.96 7062.87
953 0 1 7412.94 -7613.34
954 1 0 -7465.28 7690.67
955 0 1 7401.22 -7409.82
956 0 1 7272.16 -7212.71
957 1 0 -7105.35 7077.48
958 0 0 7364.7 7157.61
959 0 1 7437.81 -7299.59
960 1 1 -8212.98 -7709.49
961 1 0 -7455.29 7603.92
962 0 0 7269.33 6910.68
963 0 0 7468.17 7204.26
964 1 0 -7368.2 7209.74
965 0 0 7575.65 7338.66
966 0 1 8860.06 -7514.23
967 1 0 -7434.13 7663.15
968 0 1 7149.23 -7346.94
969 0 0 7414.07 7458.65
970 0 0 7474.41 7237.76
971 0 0 7945.89 7889.25
972 1 1 -7513.84 -7661.29
973 1 0 -7253.73 7401.27
974 0 0 7577.29 7331.07
975 1 1 -6982.98 -20654.1
976 1 0 -9462.07 7161.69
977 0 0 8062.71 6967.52
978 0 1 7318.45 -7527.82
979 0 1 7214.49 -7297.11
980 1 0 -7353.75 7503.15
981 0 0 7648.63 7364.86
982 1 1 -7474.7 -7708.67
983 1 0 -7167.47 7937.38
984 1 0 -7157.91 7984.37
985 0 0 7556.12 7206.09
986 1 1 -7139.44 -7316.61
987 0 1 7179.1 -7326.02
988 0 1 7012.5 -7022.17
989 1 0 -7317.48 7162.47
990 0 0 7624.46 7382.44
991 1 1 -7393.54 -7579.7
992 1 1 -7186.03 -7324.53
993 1 1 -7632.89 -7645.09
994 1 0 -7518.02 7637.43
995 1 0 -7359.97 6998.89
996 0 1 7172.42 -7188.75
997 0 1 7496.81 -7598.17
998 0 1 7156.87 -7218.3
999 0 1 7162.34 -7416.53
1000 1 1 -7606.71 -7684.81
1001 0 0 7445.39 7228.36
1002 1 1 -7445.08 -7598.62
1003 0 0 7500.63 7122.72
1004 0 0 7544.73 7091.12
1005 1 1 -7202.06 -7392.07
1006 0 0 7999.71 7195.63
1007 1 0 -7431.36 7431.64
1008 0 0 7595.61 7341.4
1009 1 0 -7196.76 7109.16
1010 0 0 7602.27 7476
1011 1 0 -7471.34 7537.71
1012 1 1 -7102.73 -7479.09
1013 1 0 -7340.72 7518.09
1014 1 0 -7058.49 7257.98
1015 0 0 7632.86 7178.65
1016 0 0 7185.91 6948.22
1017 0 0 7388.48 7315.42
1018 1 0 -8255.63 7129.98
1019 1 1 -7453.6 -7573.92
1020 0 0 7669.45 7317.6
1021 0 1 7075.65 -7176.4
1022 1 1 -7512.28 -7588.76
1023 0 0 7209.58 6997.09
1024 0 0 7451.55 7336.22
1025 1 1 -7431.44 -7519.86
1026 0 1 7402.55 -7724.7
1027 0 0 7391.06 7118
1028 1 1 -7493.23 -7582.53
1029 1 0 -7071.65 6952.28
1030 0 1 7257.25 -7255.28
1031 1 1 -7497.93 -7589.44
1032 0 1 7074.68 -7228.51
1033 1 0 -7413.53 7422.94
1034 1 1 -7130.23 -7281.31
1035 1 1 -7381.73 -7507.62
1036 1 0 -7804.62 7279.24
1037 1 1 -7487.07 -7585.54
1038 0 0 7202.02 7041.73
1039 0 1 7469.45 -7626.54
1040 0 0 7535.5 7181.1
1041 0 1 7290.83 -7389.17
1042 1 0 -7351.26 7382.21
1043 1 0 -7041.8 6908.87
1044 1 1 -7141.35 -7250.85
1045 1 0 -7424.11 7117.43
1046 0 1 7455.48 -7428.71
1047 0 1 7337.88 -7283.7
1048 1 1 -7173.05 -7437.52
1049 1 1 -7448.5 -7671.46
1050 1 0 -7422.7 7582.28
1051 1 0 -7293.53 7133.19
1052 0 0 7558.01 7311.93
1053 0 1 7395.86 -7294.97
1054 0 1 7134.54 -7831.43
1055 1 1 -7137.68 -7297.58
1056 1 1 -7390.35 -7495.66
1057 0 1 7196.06 -7279.26
1058 1 1 -7486.43 -8047.65
1059 0 0 8925.69 7368.73
1060 1 1 -7281.84 -7317.44
1061 0 1 7466.26 -7372.66
1062 0 0 7662.19 7194.59
1063 1 1 -7506.03 -7649.8
1064 0 0 7656.68 7326.52
1065 0 0 7455.88 7327.48
1066 0 1 7417.87 -7381.17
1067 1 1 -7132.85 -7324.38
1068 1 0 -7048.93 6964.64
1069 0 0 7281.64 7035.55
1070 1 0 -7490.63 7127.74
1071 1 1 -7509.62 -7623.86
1072 0 0 7329.01 7068.41
1073 0 1 7477.52 -7595.78
1074 0 0 7667.29 7361.02
1075 0 0 7667.37 7251.98
1076 1 0 -6936.72 6921.07
1077 0 1 7347.52 -7423.11
1078 0 0 7260.98 6871.2
1079 1 1 -7344.92 -10242.1
1080 1 1 -7139.06 -7373.69
1081 0 0 7163.44 7039.45
1082 1 0 -8564.14 7561.09
1083 1 0 -7436.42 7650.69
1084 0 1 7433.94 -7643.07
1085 1 1 -6977.14 -7177.63
1086 1 0 -7296.24 7356.16
1087 1 0 -6932.95 7178.5
1088 1 1 -7082.99 -7347.86
1089 1 1 -7377.12 -7500.57
1090 0 1 7281.07 -7402.51
1091 0 1 7230.87 -7387.33
1092 0 0 7308.08 6992.42
1093 0 0 7500.45 7242.45
1094 1 0 -6930.52 6937.8
1095 1 1 -7034.4 -7471.34
1096 0 1 7146.82 -6986.63
1097 1 1 -7380.17 -7515.2
1098 1 0 -7339.17 7505.26
1099 1 1 -7687.25 -7704.76
1100 1 0 -7132.51 7793.81
1101 1 0 -7206.29 7097.29
1102 1 1 -7140.77 -14121.5
1103 0 1 7500.97 -7648.37
1104 0 1 7048.82 -7040.23
1105 1 1 -7395.26 -7491.11
1106 1 1 -7736.51 -7672.85
1107 0 1 7370.98 -7710.18
1108 1 1 -6895.65 -7114.17
1109 0 0 18700.7 7143.05
1110 1 1 -7103.07 -7452.38
1111 0 1 7231.33 -7264.65
1112 0 0 7726.74 7257.62
1113 1 0 -7464.5 7146.92
1114 0 1 7474.05 -7639.46
1115 0 1 7430.81 -7702.19
1116 1 1 -7467.81 -7651.9
1117 0 1 7138.81 -6989.35
1118 0 1 7295.46 -7485.05
1119 0 0 7560.47 7199.34
1120 0 0 7282.35 7054.91
1121 0 1 7208.73 -7340.77
1122 0 1 7919.99 -7585.77
1123 0 1 7668.95 -7512.25
1124 1 1 -7380.56 -7489.2
1125 0 1 7282.53 -7464.52
1126 1 0 -7284.85 7184.16
1127 0 0 7540.66 7324.43
1128 0 1 7243.42 -7427.89
1129 0 1 7444.35 -7500.68
1130 1 1 -7797.74 -7285.7
1131 1 1 -7037.11 -7348.74
1132 0 1 7419.04 -7629.21
1133 0 0 7199.13 7120.25
1134 1 0 -8139.86 7186.71
1135 1 0 -7388.22 7590.86
1136 1 0 -7355.31 7521.44
1137 1 0 -7716.92 7525.56
1138 1 1 -7497.54 -7550.05
1139 0 0 7678.63 7253.98
1140 0 0 7484.1 7197.32
1141 1 0 -7257.76 7405.98
1142 1 1 -7418.6 -7660.96
1143 0 1 7324.78 -7496.24
1144 1 1 -7095.25 -7416.25
1145 0 0 7411.78 7067.12
1146 0 1 7393.71 -7446.26
1147 0 0 12246.1 7320.59
1148 1 0 -10616.7 7238.72
1149 1 0 -7329.68 7281.48
1150 0 1 7461.69 -7648.5
1151 0 0 7700.82 7310.29
1152 1 0 -7460.65 7597.11
1153 0 0 12303.8 8155.71
1154 0 1 7305.32 -7305.81
1155 1 0 -7260.72 7122.28
1156 0 1 7398.22 -7482.26
1157 1 0 -7450.68 7589.81
1158 1 0 -7469.52 8431.84
1159 0 0 7667.93 7362.27
1160 1 1 -7401.77 -7533.29
1161 0 1 7364.24 -7391.11
1162 0 1 7484.92 -7636.85
1163 0 0 7570.17 7213.07
1164 1 1 -7499.71 -7659.94
1165 1 1 -7566.22 -7774.26
1166 0 0 7580.54 7253.73
1167 0 0 7628.72 7368.58
1168 1 1 -7061.69 -7400.93
1169 0 1 7167.06 -10511.5
1170 0 1 7331.99 -7568.37
1171 1 0 -7319.46 7390.81
1172 0 1 7077.78 -7089.4
1173 1 0 -7427 7581.73
1174 0 1 7127.02 -7226.16
1175 1 1 -7413.28 -7672
1176 0 1 7257.74 -7301.17
1177 0 0 7383.32 7335.54
1178 0 1 7242.88 -7225.93
1179 0 1 7274.35 -7452.26
1180 0 1 7313.28 -7419.34
1181 0 0 7508.27 7416.3
1182 1 1 -6918.02 -14252.6
1183 1 0 -6982.67 7616.91
1184 0 0 7512.24 7055.84
1185 1 1 -7248.45 -7519.73
1186 0 1 8104.46 -7534.18
1187 0 1 7416.35 -7580.92
1188 1 0 -7378.18 7401.99
1189 0 0 7160.03 6973.91
1190 0 1 7383.68 -7374.35
1191 0 0 7232.33 22737.4
1192 1 0 -7432.63 7638.79
1193 0 1 7426.26 -7109.82
1194 1 1 -7536.17 -7588.27
1195 0 0 7431.85 7146.91
1196 1 1 -7359.49 -7643.19
1197 1 0 -7481.8 8545.37
1198 1 0 -8561.96 7233.71
1199 1 1 -6965.61 -7561.22
1200 1 0 -7256.72 7205.12
1201 0 0 7230.44 7151.04
1202 0 1 21166.6 -7351.56
1203 0 0 7585.83 7444.85
1204 0 0 7704.31 7395.67
1205 1 0 -7202.08 6998.36
1206 1 0 -7104.78 7577.24
1207 1 1 -7163.51 -7381.63
1208 1 1 -7497.13 -7566.67
1209 1 1 -7867.08 -7628.16
1210 0 0 7546.65 6837.74
1211 0 0 7461.09 7210.5
1212 0 1 7465.63 -7638.68
1213 1 1 -7483.25 -7595.35
1214 0 0 7368.29 7219.98
1215 0 1 7530.83 -7591.12
1216 1 1 -6893.65 -7221.61
1217 1 1 -7291.57 -7323.31
1218 0 1 7293.85 -7398.34
1219 1 0 -7205.61 7315.65
1220 0 1 7328.88 -7223.76
1221 1 0 -7452.01 7608.52
1222 1 0 -7351.36 7171.22
1223 0 1 7342.79 -7237.18
1224 1 0 -7215.68 7129.99
1225 0 0 7333.17 6919.31
1226 0 1 7186.47 -7224.12
1227 1 0 -7226.65 7139.56
1228 0 1 7092.32 -7139.91
1229 0 0 7297.05 7095.74
1230 1 1 -7200.94 -7410.51
1231 1 1 -8474.08 -7234.36
1232 1 1 -7231.51 -7375.17
1233 1 1 -7115.05 -8110.27
1234 1 1 -7508.73 -7562.34
1235 1 1 -7217.99 -7423.69
1236 0 1 7394.87 -7528.61
1237 0 0 7561.71 7456.79
1238 1 0 -7350.43 7161.34
1239 1 0 -7363.35 7559.44
1240 1 0 -7447 7692.98
1241 1 0 -7044.96 7036.06
1242 1 1 -7098.84 -7296.27
1243 1 1 -7632.03 -7581.45
1244 0 0 7404.71 6915.05
1245 0 1 7237.82 -7378.64
1246 1 0 -7062.84 6990.87
1247 0 0 7768.49 7336.96
1248 1 1 -7388.18 -7637.11
1249 0 1 7260.43 -17142.9
1250 1 0 -7182.41 7102.86
1251 1 1 -7475.77 -7623.4
1252 0 0 7540.66 7315.19
1253 0 1 7256.23 -7384.25
1254 1 1 -7096.41 -7355.17
1255 1 0 -7528.02 7457.79
1256 0 0 7566.81 7224.94
1257 0 1 7370.29 -7432.74
1258 1 1 -7559.45 -7723.72
1259 0 1 7429.78 -7387.44
1260 0 1 7314.32 -7537.33
1261 0 1 7270.73 -7364.06
1262 0 1 7250.89 -7395.34
1263 1 1 -7477.27 -7633.95
1264 1 1 -7143.02 -7283.74
1265 1 1 -7129.85 -7341.03
1266 1 0 -7315.79 7554.76
1267 1 1 -7451.15 -7681.41
1268 1 0 -7231.41 20613.9
1269 1 0 -7462.16 8842.77
1270 1 1 -7540.63 -7724.07
1271 1 0 -7123.18 7015.72
1272 1 0 -7378.91 7466.75
1273 1 0 -7232 12344.2
1274 1 1 -7104.18 -7346.78
1275 0 0 7679.57 7260.31
1276 1 0 -7306.39 7494.85
1277 1 0 -7278.62 7244.07
1278 1 0 -6956.15 6876.74
1279 1 1 -8033.33 -7315.46
1280 1 0 -7396.89 7168.64
1281 1 0 -7924.44 7186.71
1282 1 1 -7514.59 -7598.35
1283 0 1 7142.98 -7473.25
1284 1 1 -7143.27 -7293.22
1285 1 1 -7137.5 -7383.7
1286 0 0 7196.77 7264.04
1287 0 0 7144.2 6919.93
1288 1 0 -7339.83 7495.82
1289 0 0 7491.67 7316.31
1290 0 1 7147.18 -7660.94
1291 1 1 -7117.55 -7287.58
1292 1 0 -7321.39 7551
1293 0 0 7689.62 7387.92
1294 0 1 7377.76 -11752.6
1295 0 1 7178.5 -7261.22
1296 1 0 -7239.12 6975.94
1297 1 1 -7290.53 -7352.85
1298 1 0 -7714.23 6942.25
1299 1 0 -7947.14 7183.09
1300 0 1 7346.73 -7602.17
1301 0 1 7128.53 -12837.8
1302 0 1 7208.66 -7411.32
1303 0 1 8085.26 -7217.96
1304 0 1 7139.56 -7090.61
1305 0 0 7183.52 7384.16
1306 1 0 -7235.74 7197.96
1307 1 0 -7414.99 7433.5
1308 0 0 7475.57 7206.39
1309 0 1 7318.24 -7571.6
1310 1 1 -7072.44 -7200.68
1311 0 1 7110.42 -14245.6
1312 0 1 7400.74 -7080.86
1313 1 0 -7298.87 7671.16
1314 0 1 7521.77 -7598.13
1315 1 0 -7286.78 7389.15
1316 0 0 7236.06 6942.32
1317 1 0 -7305.09 7368.87
1318 0 1 7330.39 -7363.79
1319 1 0 -8296.73 7303.85
1320 0 0 10094.3 6989.17
1321 0 1 7482.89 -7448.18
1322 1 0 -7211.33 6931.55
1323 1 1 -7126.44 -7378.03
1324 0 0 7554.29 7305.66
1325 0 0 7153.94 7100.86
1326 0 0 7470.68 7201.25
1327 1 1 -7034.89 -7340.81
1328 0 0 7648.75 7390.98
1329 0 0 7122.82 6861.71
1330 1 0 -7272.03 7361.05
1331 0 0 7038.12 9652.52
1332 0 1 7316.83 -7305.01
1333 1 0 -7174.53 7100.18
1334 0 1 7375.44 -7472.34
1335 0 1 7215.05 -7120.61
1336 1 1 -7620.74 -7729.63
1337 0 1 7263.26 -7430.55
1338 1 0 -7102.07 7255.62
1339 0 0 7637.67 7333.3
1340 1 0 -7286.85 7377.88
1341 1 0 -7138.71 7348.05
1342 0 0 7693.37 7307.22
1343 0 1 7358.8 -7191.14
1344 0 1 7382.64 -7593.11
1345 0 0 7314.79 7121.12
1346 1 1 -7016.15 -7411.12
1347 0 1 7348.3 -7448.81
1348 0 0 7617.63 7328.64
1349 0 1 7429.92 -7416.23
1350 1 1 -7088.38 -7383.93
1351 0 1 7250.18 -7407.76
1352 1 0 -9302.51 6893.81
1353 0 1 7226.01 -7450.11
1354 0 1 7403.73 -7643.78
1355 1 1 -7391.22 -7578.4
1356 1 1 -6977.53 -7713.99
1357 0 0 7165.51 6987.3
1358 1 1 -7322.76 -7553.5
1359 1 1 -7109.29 -7233.74
1360 1 1 -7367.87 -7612.69
1361 0 1 7239.39 -7327.1
1362 0 0 7444.46 8764.82
1363 0 0 7508.69 7309.35
1364 1 1 -7220.45 -10070
1365 0 1 7281.64 -7393.48
1366 0 0 7676.79 7440.07
1367 0 1 7035.65 -7051.97
1368 1 0 -7314.84 7203.06
1369 1 0 -7306.11 7558.82
1370 1 0 -7277.31 7604.46
1371 0 1 7942.92 -7444.96
1372 1 1 -8609.47 -7347.59
1373 0 1 7369.11 -7416.04
1374 0 0 7189.89 6939.85
1375 1 0 -10112.4 7199.51
1376 0 0 7480.36 7252.62
1377 1 1 -7496.6 -7674.25
1378 1 1 -7170.45 -7508.65
1379 0 0 7546.92 7281.63
1380 1 0 -7406.87 7461.86
1381 1 0 -7175.26 7109.35
1382 1 0 -7420.35 7210.75
1383 1 1 -7115.45 -7255.73
1384 0 1 7316.48 -7672.36
1385 1 1 -7079.76 -7333.22
1386 1 1 -7479.25 -7520.84
1387 1 1 -7555.67 -7748.08
1388 0 1 7355.46 -7339.74
1389 1 0 -7289.26 7368.39
1390 1 1 -8053.18 -7297.37
1391 0 0 7087.98 6841.18
1392 0 0 7530.34 7245.7
1393 0 0 7551.95 7237.32
1394 0 0 7595.47 7317.03
1395 1 0 -7460.81 7717.1
1396 0 1 7374.15 -7503.92
1397 1 1 -7520.03 -7645.2
1398 1 0 -7289.63 7501.35
1399 0 0 7670.27 7323.92
1400 0 0 7296.91 6961.45
1401 1 0 -7391.75 7586.1
1402 0 0 15124.7 7008.52
1403 1 1 -7616.79 -7711.51
1404 1 0 -7417.87 7520.19
1405 1 1 -7429.19 -7611.68
1406 0 1 7347.77 -7505.21
1407 0 0 7554.73 7339.28
1408 1 0 -7347.75 10717
1409 0 1 7386.25 -7416.96
1410 0 1 7449.72 -7399.54
1411 1 1 -7442.63 -7651.24
1412 0 0 7265.75 6998.22
1413 1 1 -7087.66 -7217.94
1414 1 0 -7153.81 7279.29
1415 1 1 -7594.18 -7693.61
1416 1 1 -7428.55 -7471.8
1417 1 0 -7358.19 7126.85
1418 0 0 7782.04 7363.75
1419 1 0 -7473.71 7606.54
1420 1 0 -7207.14 7093.54
1421 0 0 7545.9 7217.34
1422 0 0 7574.5 7392.81
1423 0 0 7523.17 7354.58
1424 1 0 -7024.27 7006.22
1425 0 1 7400.13 -7511.45
1426 1 0 -6936.31 23394.1
1427 1 1 -7567.16 -7588.14
1428 0 0 7260.7 7025.18
1429 0 1 7730.72 -7458.81
1430 1 0 -7400.58 7559.17
1431 0 0 7489.83 7460.98
1432 0 0 7490.92 7245.52
1433 1 1 -7439.78 -7636.62
1434 1 0 -7218.77 6924.62
1435 0 1 7314.82 -7230.51
1436 1 1 -7532.56 -7555.5
1437 1 0 -7210.65 7164.23
1438 0 0 7447.13 7306.52
1439 1 1 -7562.29 -7626.38
1440 0 0 7392.56 6935.46
1441 1 1 -7536.15 -7660.89
1442 1 1 -7468.82 -7586.92
1443 1 1 -7264.61 -7433.84
1444 0 1 7162.43 -7367.38
1445 1 1 -7103.37 -7432.85
1446 0 0 7599.42 7276.12
1447 1 1 -7125.05 -7300.83
1448 1 0 -7388.74 7620.39
1449 0 0 7496.72 7251.72
1450 0 1 7318.53 -7648.14
1451 1 0 -7037.1 7891.46
1452 0 0 7148.6 6918.56
1453 1 1 -7223.02 -7379.86
1454 0 0 7556.66 7307.27
1455 1 0 -7384.62 7136.06
1456 0 0 7596.77 7359.26
1457 0 1 7359.38 -7268.83
1458 1 0 -7263.66 7205.62
1459 1 0 -6965.12 7453.88
1460 1 1 -7075.53 -7301.31
1461 0 0 7584.61 7289.37
1462 0 1 15639 -7505.97
1463 0 1 7385.32 -7272.72
1464 1 1 -14866.9 -7363.08
1465 0 0 7654.16 7412.54
1466 1 0 -7202.61 7160.26
1467 1 1 -7616.85 -7334.73
1468 1 1 -7395.27 -7483.14
1469 1 0 -7214.2 7102.89
1470 0 1 7049.87 -6982.53
1471 0 1 7290 -7384.74
1472 1 1 -6962.23 -7811.97
1473 1 0 -7255.67 7184.77
1474 1 1 -7561.92 -12620.5
1475 1 1 -6972.91 -7195.02
1476 1 0 -10800.9 11897.3
1477 1 0 -6976.84 7116.64
1478 0 1 7579.89 -7590.85
1479 1 0 -7348.12 7385.32
1480 0 1 6956.62 -7124.45
1481 0 0 8090.88 7145.12
1482 0 0 7581.58 7266.62
1483 1 1 -7491.56 -7553.96
1484 0 1 7487.99 -7503.51
1485 1 1 -7473.62 -7531.9
1486 0 1 7173.01 -7184.13
1487 0 1 7174.09 -7229.86
1488 0 1 7252.06 -7536.94
1489 1 1 -7329.4 -7372.09
1490 1 1 -9359.03 -7429.44
1491 1 0 -7080.71 7544.4
1492 1 1 -7383.2 -7480.09
1493 0 0 7292.14 7109.06
1494 0 1 7261.97 -7334.58
1495 1 1 -8614.41 -7765.91
1496 1 1 -7320.62 -7383.69
1497 1 1 -7515.18 -7618.47
1498 0 1 7484.65 -7670.91
1499 0 0 7092.71 6999.48
1500 1 1 -8663.81 -7270.21
1501 1 1 -7129.47 -7239.82
1502 0 0 7507.54 7061.07
1503 0 0 7485.46 7196.38
1504 1 0 -7277.61 7390.12
1505 0 0 7392.32 7200.56
1506 0 0 7203.83 6892.25
1507 1 1 -7421.14 -7523.5
1508 1 1 -7454.94 -7625.3
1509 1 0 -7277.62 7421.75
1510 0 0 7394.88 7077.63
1511 1 1 -7079.45 -7291.37
1512 1 1 -7467.42 -7504.49
1513 1 0 -7298 7105.69
1514 0 0 7817.27 7020.16
1515 0 1 7385.19 -7410.61
1516 0 0 7557.32 7306.81
1517 0 1 7346.41 -7373.88
1518 1 1 -7608.5 -7766.9
1519 0 1 7340.58 -7389.73
1520 1 0 -25957.3 6882.04
1521 1 1 -8898.68 -7507.59
1522 1 1 -7520.93 -7496.92
1523 1 0 -7429.09 7545.14
1524 0 0 7683.14 7344.42
1525 1 1 -7378.31 -7309.49
1526 1 0 -6968.76 7803.24
1527 0 0 7552.88 7195.24
1528 0 0 7694.65 7126.76
1529 1 0 -7346.94 7654.31
1530 1 1 -7444.18 -7657.87
1531 0 1 7316.65 -7512.37
1532 1 1 -7023.25 -7713.57
1533 1 0 -7262.47 7356.89
1534 1 0 -8726.2 7123.17
1535 1 1 -7072.94 -7277.4
1536 1 0 -8385.94 7174.2
1537 1 0 -7139.71 7089.15
1538 1 0 -7265.79 7448.28
1539 0 1 7164.12 -7105.23
1540 1 0 -18962.2 7053.59
1541 0 1 7123.04 -7227.09
1542 1 1 -7299.02 -7354.18
1543 1 0 -6973.99 7676.95
1544 0 0 7351.46 7196.63
1545 0 0 7571.81 7278.46
1546 1 1 -7567.1 -7730.16
1547 1 1 -7483.62 -7577.58
1548 1 0 -7626.44 8057.43
1549 1 1 -7166.64 -7408.33
1550 1 0 -7386.09 7521.34
1551 0 0 8013.25 6984.85
1552 1 1 -7449.84 -7663.04
1553 1 1 -7404.14 -7556.93
1554 1 0 -7481.35 7621.82
1555 0 1 7282.42 -7295.86
1556 0 0 7580.21 7236.8
1557 1 1 -7370.77 -7484.01
1558 1 0 -7321.44 7200.64
1559 0 1 7503.78 -8964.55
1560 1 1 -7462.91 -7570.06
1561 0 1 6978.01 -6932.14
1562 1 1 -6910.21 -7144.02
1563 0 1 7117.42 -7015.74
1564 1 0 -7258.05 7225.1
1565 0 1 7345.28 -7601.05
1566 0 1 7248.29 -7465.63
1567 0 1 7378.08 -7416.36
1568 1 0 -7236.09 7171.52
1569 0 1 7059.69 -7044.39
1570 0 1 7286.65 -7584.22
1571 0 0 7519.15 6961
1572 0 0 7350.05 7257.23
1573 1 1 -8719.28 -7191.12
1574 1 1 -7277.32 -7423.81
1575 1 0 -7270.15 7341.3
1576 0 1 7260.07 -7260.67
1577 1 0 -7108.77 6920.18
1578 1 0 -7273.39 7519.07
1579 0 0 7243.81 7097.21
1580 0 1 7521.64 -7640.35
1581 1 0 -7106.76 7114.37
1582 0 0 7334.85 6908.96
1583 1 0 -7996.44 7284.14
1584 0 0 7583.38 7426.85
1585 1 1 -7162.65 -7307.48
1586 1 0 -7159.26 7147.06
1587 0 1 7339.3 -7055.14
1588 1 1 -7536.38 -7561.68
1589 1 0 -7315.38 7384.36
1590 0 0 7443.8 7139.62
1591 1 0 -7267.96 8174.18
1592 1 1 -7511.94 -7267.48
1593 0 0 7758.62 6869.81
1594 1 0 -7176.98 7300.29
1595 1 1 -8572.04 -7673.52
1596 1 0 -7458.32 7484.4
1597 1 1 -7128 -7335.53
1598 1 0 -20220.1 7050.88
1599 0 0 7565.37 7188.81
1600 0 1 7372.96 -7412.55
1601 0 0 7225.56 6934.21
1602 0 0 7488.95 7240.53
1603 0 0 7651.91 7250.97
1604 1 1 -7439.64 -7513.17
1605 0 1 7126.9 -18498.6
1606 1 1 -7144.4 -7621.08
1607 0 0 7310.3 7009.53
1608 1 1 -6956.86 -7224.06
1609 0 1 7139.31 -7653.84
1610 1 0 -7463.37 7662.39
1611 0 0 7314.99 6981
1612 1 0 -7343.41 7594.85
1613 0 1 7228.67 -7218.47
1614 1 1 -7628.03 -7526.92
1615 1 1 -7473.98 -7527.41
1616 0 0 7298.56 6917.95
1617 1 0 -7635.94 7127.59
1618 0 0 7202 6868.77
1619 1 1 -7409.07 -7620.88
1620 1 0 -7402.7 8307.27
1621 1 1 -7158.65 -8388.39
1622 0 1 7451.66 -7396.88
1623 0 1 7490.9 -7657.46
1624 0 1 7381.83 -7455.62
1625 0 1 7280.57 -7396.58
1626 0 0 11992.1 6897.81
1627 1 1 -7121.33 -7330.39
1628 1 1 -7370.85 -7496.83
1629 1 1 -7622.43 -7684.17
1630 0 0 7507.57 7459.48
1631 0 1 7280.46 -7371.71
1632 1 1 -7032.73 -7271.09
1633 0 1 7342.89 -7506.43
1634 0 1 7436.57 -7425.97
1635 1 0 -7319.47 7437.46
1636 0 1 7390.82 -7588.83
1637 0 1 7434.88 -7662.46
1638 1 0 -7478.98 7591.82
1639 1 1 -7520.61 -7598.33
1640 0 1 7179.58 -7234.97
1641 1 0 -7130.76 7052.75
1642 0 0 7522.32 7219.27
1643 0 1 7232.16 -7307.26
1644 0 0 7467.81 7096.74
1645 0 0 7467.61 7279.4
1646 1 1 -7114.79 -7404.4
1647 1 0 -7655.83 6967.2
1648 1 1 -8754.89 -7477.4
1649 1 1 -7641.02 -7743.42
1650 1 0 -7372.17 7380.16
1651 1 1 -7208.53 -7187.59
1652 1 1 -7402.49 -7538.49
1653 1 1 -7223.96 -7520.14
1654 1 0 -7306.14 7620.4
1655 1 1 -6925 -7137.08
1656 1 1 -7399.47 -7515.03
1657 0 0 7489.72 7184.8
1658 0 0 7513.95 7179.33
1659 0 0 7153.97 6896.25
1660 1 0 -7045.8 7000.77
1661 1 0 -7300.7 7132.06
1662 0 1 7509.16 -7567.37
1663 1 0 -7212.67 7171.44
1664 1 1 -7137.66 -7292.98
1665 1 0 -7461.31 7621.6
1666 0 0 11334 7338.37
1667 0 0 12733.5 6962.41
1668 0 1 8239.09 -7110.21
1669 1 1 -7521.09 -8451.28
1670 1 0 -7401.68 7102.61
1671 1 0 -7120.68 7129.92
1672 1 0 -7353.32 7407.96
1673 1 0 -7189.69 7122.09
1674 1 1 -8690.98 -7342.44
1675 1 1 -7384.5 -7677.76
1676 1 0 -7103.16 7046.56
1677 1 0 -7551.4 7566.86
1678 0 1 7225.81 -7656.58
1679 1 0 -6923.33 6862.69
1680 0 1 7286.54 -7436.97
1681 0 0 7244.03 8354.57
1682 0 0 7423.87 7054.62
1683 0 1 7336.4 -7563.37
1684 1 1 -8681.78 -7817.28
1685 0 1 7447.21 -7450.85
1686 1 1 -7812.58 -7471.62
1687 0 1 7432.81 -7489.41
1688 1 1 -7182.35 -7990.41
1689 0 0 7528.11 7218.19
1690 0 0 7554.35 7209.64
1691 1 0 -7451.16 7192.42
1692 1 1 -7426.29 -7667.47
1693 1 1 -7431.09 -7714.25
1694 0 1 7139.25 -7352.77
1695 0 1 7030.78 -6996.66
1696 0 0 7502.45 7250.64
1697 1 1 -7459.91 -7499.01
1698 1 1 -7539.81 -7601.93
1699 0 0 7668.97 7366.89
1700 0 0 7610.34 7294.85
1701 1 1 -7436.54 -7492.3
1702 1 0 -8023.13 11646.7
1703 0 1 7363.5 -8555.17
1704 1 1 -7182.26 -11462.4
1705 0 0 7585.83 8760.15
1706 0 1 7140.09 -7172.06
1707 0 0 8259.42 7273.49
1708 0 0 7479.41 7351.79
1709 1 0 -7310.39 7393.72
1710 1 0 -9513.61 6838.57
1711 1 0 -7350.73 7506.26
1712 1 0 -7449.05 7573.43
1713 0 1 7036.53 -7213.7
1714 1 1 -7570.13 -7689.95
1715 1 0 -7351.72 10079.6
1716 1 0 -7409.02 16712.5
1717 1 0 -7687.4 7177.38
1718 0 1 7185.93 -7225.89
1719 1 0 -7522.75 7589.56
1720 0 0 7645.01 7350.65
1721 0 1 7586.39 -7295.71
1722 0 1 7440.5 -7583.83
1723 0 1 7324.2 -7366.79
1724 1 1 -7000.65 -8732.72
1725 0 0 8993.08 6917.14
1726 0 1 7331.19 -7343.46
1727 0 0 7248.35 6954.91
1728 1 1 -7424.58 -7705.6
1729 1 0 -7413.28 7489.93
1730 1 1 -7230.95 -7313.72
1731 0 1 7262.29 -7458.22
1732 1 0 -7266.08 7384.31
1733 1 0 -7205.68 7121.54
1734 1 1 -7407.7 -7504.64
1735 1 1 -7508.29 -7517.01
1736 0 1 7451.05 -7684.28
1737 0 1 7333.26 -7395.67
1738 0 1 7484.51 -7617.5
1739 0 1 7179.82 -7237.48
1740 1 1 -7424.5 -7616.49
1741 1 1 -7455.97 -7642.49
1742 0 0 7150 6887.31
1743 1 0 -7104.26 7065.23
1744 0 0 7631.92 7250.96
1745 0 0 7260.94 6830.77
1746 0 0 7072.36 6929.27
1747 0 0 7553.32 7409.34
1748 0 0 7405.76 7061.64
1749 0 1 7231.17 -7258.31
1750 0 1 7167.64 -7264.87
1751 1 1 -6937.88 -7287.08
1752 1 0 -7348.33 7338.96
1753 0 1 7972.16 -7285.15
1754 0 1 7319.11 -7382.11
1755 1 0 -7163.16 7161.36
1756 1 1 -6987.88 -7213.66
1757 1 1 -7399.22 -7548.82
1758 1 0 -6932.83 6906.96
1759 1 0 -7084.1 7260.71
1760 1 1 -6982.91 -7617.15
1761 0 0 7514.87 7229.62
1762 1 0 -7100.72 6963.56
1763 1 1 -7099.69 -7323.39
1764 0 0 7769.46 7179.67
1765 0 0 7595.65 8829.63
1766 0 1 7205.49 -7301.39
1767 0 0 7670.64 7330.19
1768 1 0 -7399.75 7535.53
1769 0 0 7285.64 6983.83
1770 1 1 -6810.66 -7047.34
1771 0 1 7415.77 -7391.34
1772 0 1 7128.89 -7451.91
1773 0 1 7317.52 -7519.05
1774 0 0 7501.71 7252.26
1775 0 1 15026.9 -7552.07
1776 1 1 -7373.08 -7634.63
1777 1 1 -7194.39 -7555.32
1778 1 0 -7294.76 7507.8
1779 1 0 -7282.8 7106.66
1780 1 0 -7319.19 7455.45
1781 1 1 -7271.99 -7283.05
1782 0 0 7624.04 7187.08
1783 1 1 -7109.46 -7418.38
1784 1 0 -7058.21 6975.14
1785 1 1 -7405.25 -7556.98
1786 1 1 -7141.87 -7487.2
1787 0 1 7338.6 -7583.21
1788 1 1 -7084.93 -7352.09
1789 1 0 -7442.69 7624.16
1790 0 0 7366.32 7152.33
1791 0 0 7450.36 7169.61
1792 0 1 7474.15 -7629
1793 1 0 -7429.25 7489.86
1794 0 1 7067.41 -7087.69
1795 0 0 7100.28 6998.22
1796 1 0 -7563.72 7109.43
1797 0 0 7263.4 6952.05
1798 1 1 -6850.4 -7079.65
1799 0 0 7427.67 6858.49
1800 0 0 7313.54 7089.5
1801 0 0 7505.65 7262.78
1802 1 1 -7102.3 -7377.01
1803 1 0 -7275.67 7507.57
1804 0 0 7339.04 6859.37
1805 0 0 7574.13 7415.49
1806 0 1 7013.54 -7197.83
1807 0 0 13475.4 6957.87
1808 1 1 -7131.4 -7343.09
1809 0 0 7695.53 7318.01
1810 0 1 7188.29 -7131.32
1811 1 0 -7422.41 7454.67
1812 1 0 -7254.55 8176.76
1813 1 1 -7447.55 -7533.32
1814 0 0 7276.92 6989.85
1815 1 0 -7113.27 11949.6
1816 0 0 7324.77 7136.77
1817 1 0 -7221.86 7271.83
1818 0 1 7433.02 -7493.18
1819 0 0 7499.62 7292.61
1820 1 1 -7106.98 -7605.46
1821 1 0 -7319.31 7537.15
1822 0 1 7117.15 -7189.98
1823 0 1 13856.6 -7284.06
1824 0 0 7481.82 7285.26
1825 0 1 7379.56 -7501.93
1826 0 1 7292.3 -7333.91
1827 1 0 -11712 7170.6
1828 1 1 -7428.04 -7559.01
1829 0 0 7506.51 7200.78
1830 0 1 7425.52 -7370.71
1831 1 1 -7385.28 -7693.89
1832 1 1 -7634.1 -7661.73
1833 1 0 -7346.72 7231.43
1834 1 1 -7527.34 -7528.09
1835 0 0 7613.44 7167.39
1836 0 1 7167.49 -7284.23
1837 0 0 7639.92 7333.92
1838 0 0 7411.99 7110.98
1839 1 0 -7172.15 7484.99
1840 0 1 7341.78 -18681.8
1841 1 1 -7514.08 -7622.44
1842 0 1 7292.75 -7486.73
1843 1 1 -7415.77 -7661.87
1844 0 0 7569.58 7309.91
1845 0 1 7348.2 -7460.69
1846 1 1 -7206.61 -7283.32
1847 1 0 -7168.85 6890.55
1848 0 1 7313.19 -8059.53
1849 1 1 -6990.12 -7100.78
1850 0 0 7484.1 7089.09
1851 0 1 7248.94 -7505.75
1852 0 1 15756.4 -7469.72
1853 0 0 7743.29 7304.83
1854 0 0 7534.45 7331.45
1855 0 1 7207.88 -7236.76
1856 1 1 -7538.96 -7574.41
1857 0 1 9549.06 -7335.12
1858 1 1 -7324.91 -7369.17
1859 1 0 -7192.54 12134.6
1860 1 0 -7309.46 7394.5
1861 1 0 -7315.08 7434.49
1862 1 1 -7376.39 -7536.76
1863 0 1 7343.83 -7581.46
1864 0 0 7851.95 8360.98
1865 0 0 7458.87 7145.07
1866 1 0 -7253.74 7175.8
1867 0 1 7014.57 -7094.62
1868 1 1 -7376.63 -7525.95
1869 0 0 7674.38 7287.58
1870 0 1 7043.55 -7337.78
1871 0 1 7620.08 -7564.43
1872 0 1 7522.2 -7629.36
1873 0 0 7130.05 6951.47
1874 1 1 -7588.56 -7691.25
1875 0 0 7430.83 7208.02
1876 0 0 7097.63 6829.53
1877 0 1 7395.2 -7420.17
1878 1 0 -7327.03 7600.4
1879 0 1 7304.64 -7472.08
1880 0 0 7311.13 7071.47
1881 0 1 7477.14 -7644.4
1882 1 1 -7005.8 -7159.1
1883 0 0 7508.49 7285.62
1884 1 1 -7573.65 -7661.5
1885 0 0 7532.69 7137.24
1886 0 1 7456.99 -7671.72
1887 1 0 -15712.5 7284.69
1888 0 1 7306.68 -7279.67
1889 0 0 7197.02 6912.83
1890 0 0 7570.91 8909.08
1891 1 1 -7386.82 -7667.76
1892 0 0 7703.53 7290.63
1893 1 1 -7055.64 -7301.32
1894 0 1 6960.36 -6985.99
1895 0 1 7495.07 -7515.22
1896 0 1 7318.39 -7474.55
1897 0 0 7269.45 7012.27
1898 0 0 7273.28 6928.73
1899 1 1 -6900.82 -7121.56
1900 1 1 -7550.1 -7748.77
1901 1 1 -7138.75 -7297.5
1902 0 1 7328.02 -8076.45
1903 1 0 -7231.9 7082.28
1904 1 1 -7088.67 -7267.87
1905 1 0 -7015.76 7515.42
1906 1 0 -7490.78 7435.1
1907 0 1 7530.05 -7660.77
1908 0 1 7476.37 -7391.24
1909 1 0 -7403.65 7572.02
1910 0 0 7639.96 7351.9
1911 0 1 7262.79 -7426.82
1912 0 0 7150.89 6875.54
1913 0 0 7745.64 7335.46
1914 1 0 -7031.37 7179.96
1915 0 0 16672.9 7371.53
1916 1 1 -7526.06 -7654.43
1917 1 0 -6956.99 7797.71
1918 1 1 -7405.19 -7659.83
1919 1 1 -7537.16 -7566.33
1920 0 1 7358.99 -7377.28
1921 1 1 -7504.52 -7637.32
1922 0 1 7391.9 -7430.62
1923 0 1 7109.74 -7196.19
1924 1 0 -7405.05 7599.12
1925 1 0 -7308 8412.14
1926 1 1 -7604.13 -7685.32
1927 1 1 -7130.08 -7307.69
1928 0 0 7408.88 7178.48
1929 1 1 -7535.44 -7569.57
1930 1 1 -17857.7 -7192.93
1931 1 1 -7466.67 -7417.39
1932 1 0 -7109.68 7147.32
1933 0 0 7481.08 7307.67
1934 0 1 7394.43 -7407.42
1935 0 0 7708.72 7392.95
1936 1 1 -7219.47 -7217.91
1937 1 0 -7471.23 7651.79
1938 0 1 7362.26 -7413.87
1939 1 0 -7277.95 7203.4
1940 1 1 -7668.98 -7714.16
1941 0 0 7118 6928.3
1942 1 1 -7191.18 -13984.9
1943 0 0 7547.22 7220.78
1944 1 1 -7113.73 -7280.43
1945 0 1 7244.74 -7283.06
1946 1 1 -7257.88 -7302.38
1947 0 0 7174.64 7030.34
1948 0 1 7314.07 -7569.09
1949 1 0 -7556.04 7616.03
1950 1 0 -7364.66 7343.9
1951 0 0 7243.21 8100.42
1952 1 1 -6823 -7586.26
1953 1 1 -7379.36 -7507.56
1954 1 0 -7460.27 7478.76
1955 0 0 7521.9 7339.27
1956 0 1 7203.29 -7660.27
1957 0 1 7324.93 -8063.91
1958 1 0 -7306.84 7367.6
1959 0 0 7674.54 7388.49
1960 0 0 7625.25 7242.95
1961 1 0 -7434.48 7509.05
1962 1 0 -7465.12 15599.8
1963 0 0 7389.06 11521.5
1964 0 1 7057.67 -9317.54
1965 0 1 7405.32 -7452.16
1966 0 0 7222.74 6887.94
1967 0 0 25207.6 6982.69
1968 1 1 -7573.17 -7533.85
1969 1 0 -7306.87 7169.49
1970 1 0 -7577.64 6970.48
1971 1 1 -7084.64 -7269.01
1972 1 0 -7081.32 6983.97
1973 1 1 -7184.52 -7566.61
1974 0 1 7339.09 -7539.94
1975 0 1 7341.77 -7517.82
1976 1 0 -7436.78 7566.79
1977 1 1 -7278.66 -8870.04
1978 0 1 7276.32 -7481.65
1979 0 1 14027.8 -7171.81
1980 1 1 -7127.77 -7294.22
1981 0 0 7675.76 8185.64
1982 1 1 -7399.1 -7601.81
1983 1 1 -7685.21 -7220.28
1984 1 0 -7295.47 7520.34
1985 1 1 -7579.34 -7718.68
1986 0 0 7467.3 6966.63
1987 0 0 7363.35 7142.06
1988 1 0 -7830.55 21112.3
1989 1 0 -6969.16 6950.73
1990 1 1 -6907.56 -7200.28
1991 1 0 -7197.61 7345.26
1992 1 0 -7282.59 7071.8
1993 1 1 -7436.95 -7710.56
1994 0 0 7580.38 7467
1995 1 0 -7432.17 7537.67
1996 1 0 -7381.65 7215.57
1997 0 0 7398.81 6954
1998 0 1 7371.06 -7436.74
1999 1 1 -7173.07 -7342.46
2000 1 0 -7057.37 7092.85
2001 1 0 -7213.87 7128.16
2002 1 1 -6905.81 -11938.7
2003 0 1 7033.88 -7025.68
2004 0 1 17383.8 -7114.18
2005 0 0 7310.84 7116.76
2006 1 1 -7579.63 -7612.88
2007 1 1 -7496.49 -7571.63
2008 1 0 -7116.41 6978.84
2009 0 1 7520.32 -7646.45
2010 0 0 7692.88 7355.13
2011 1 0 -7387.8 7677.3
2012 0 1 7311.96 -7267.07
2013 1 0 -7269.33 7524.16
2014 1 0 -7364.52 7389.64
2015 1 1 -7942.21 -7132.18
2016 0 1 7383.82 -7439.47
2017 1 1 -7477.2 -7527.54
2018 0 0 7360.49 7069.52
2019 1 0 -6919.23 6897.67
2020 0 0 8117.8 6886.81
2021 0 0 7192.26 7089.85
2022 1 0 -7406.99 7496.87
2023 0 1 7415.95 -7618.03
2024 0 1 7078.9 -17438
2025 1 1 -7445.35 -7908.59
2026 0 1 7283.47 -7294.6
2027 0 0 7403.16 7133.04
2028 1 0 -6876.27 6897.98
2029 1 0 -7264.5 7271.26
2030 1 1 -10053.8 -7384.67
2031 1 0 -7418.69 7196.66
2032 1 0 -7304.64 7374.83
2033 1 0 -7279.5 7108.96
2034 1 0 -8337.73 7168.63
2035 1 0 -7534.64 7570.64
2036 1 1 -7417.79 -7500.25
2037 0 1 7406.37 -7431.64
2038 1 1 -7099.45 -7452.95
2039 1 1 -7117.22 -7380.1
2040 1 1 -7544.91 -7669.51
2041 1 0 -7576.18 7830.92
2042 0 0 7159.32 22201.8
2043 0 0 7566.29 7188.79
2044 1 0 -7466.31 7527.84
2045 0 1 7267.72 -7424.52
2046 1 0 -7227.9 7080.47
2047 0 0 7603.84 7340.05
