0 0 0 2142.36 2164.72
1 1 0 -2111.06 2175.98
2 1 0 -1895.31 1936
3 1 0 -2648.14 2073.88
4 1 1 -1770.4 -1948.54
5 0 0 1904.28 2087.5
6 0 0 2052.61 2096.96
7 0 0 1953.13 1969.86
8 0 0 2077.81 2916.12
9 1 0 -2086.79 2119.58
10 1 1 -2051 -1998.41
11 0 1 2007.67 -1833.83
12 1 0 -1987.31 2161.86
13 1 0 -2126.07 2148.17
14 0 0 2165.85 2025.71
15 0 1 2190.12 -1798.91
16 0 0 2116.66 2033.57
17 0 1 2082.94 -1795.92
18 0 1 2045.9 -2690.59
19 1 0 -2105.34 2108.6
20 1 1 -1991.6 -1944.73
21 1 1 -2014.72 -2161.8
22 0 0 2127.25 2105.01
23 1 1 -1999.52 -2106.16
24 0 0 2034.27 2015.55
25 0 1 2188.01 -1894.94
26 0 1 2066.55 -1900.76
27 1 0 -1961.44 2230.7
28 1 1 -2016 -1898.43
29 0 0 1940.46 4995
30 1 0 -2091.77 2163.99
31 0 1 2142.51 -2011.72
32 1 1 -2286.49 -2406.2
33 0 1 2029.55 -1918.27
34 1 1 -1803.38 -1880.75
35 1 0 -2213.46 2150.52
36 0 0 1929.84 1951.15
37 1 0 -2352.71 1934.65
38 0 1 2169.4 -2085.07
39 1 1 -1887.69 -1856.07
40 1 1 -2116.22 -2011.72
41 1 1 -1847.04 -2152.19
42 0 1 2201.62 -2087.84
43 0 1 2117.99 -5242.51
44 1 1 -2021.62 -1934.01
45 1 0 -2136.73 2190.41
46 1 0 -2493.26 1897.95
47 1 1 -2124.24 -2082.67
48 1 1 -1899.19 -2162.05
49 0 0 2048.74 1983.03
50 0 1 2160.54 -2045.24
51 1 0 -1863.66 1979.47
52 0 1 2038.93 -1812
53 0 0 1898.86 1757.54
54 1 1 -1769.3 -1868.14
55 0 0 2000.64 1916.42
56 0 0 2013.16 1944.3
57 1 1 -2009.24 -2002.5
58 1 1 -1713.27 -1793.29
59 1 1 -1923.95 -2320.87
60 1 1 -2052.06 -2305.73
61 0 0 2041.79 2884.14
62 0 0 2166.17 2074.01
63 0 0 1859.36 1859.31
64 0 0 2125.01 2082.19
65 0 1 5272.34 -1899.76
66 1 1 -1894.33 -1874.5
67 0 1 2016.08 -2265.78
68 0 0 3543.35 2014.96
69 0 0 2181.31 2010.16
70 1 0 -2156.91 2351.79
71 0 1 2592.01 -2067.3
72 1 1 -2016.29 -1963.76
73 0 0 1819.71 1722.95
74 0 0 2049.39 2013.66
75 0 0 2020.75 1958.13
76 0 0 2007.92 1833.19
77 0 0 1872.09 2038.67
78 0 0 2114.27 2016.03
79 1 0 -2095.78 2200.15
80 1 0 -2061.35 2195.09
81 1 0 -2119.21 2165.89
82 1 0 -2171.36 2223.17
83 1 1 -2213.55 -1893.15
84 0 1 2067.8 -2023.19
85 1 0 -1856.2 1975.61
86 1 1 -1799.15 -1925.58
87 1 0 -2019.52 2165.62
88 1 0 -3112.81 2209.64
89 0 1 1983.35 -1882.01
90 0 1 2121.06 -2092.29
91 0 0 2079.51 2066.23
92 1 1 -5763.6 -4073.9
93 1 1 -1839.33 -1907.6
94 1 0 -2169.67 2232.55
95 1 1 -1847.02 -1850.24
96 0 0 2101.81 2056.49
97 1 1 -1999.04 -1879.3
98 0 0 1855.94 1797.93
99 0 0 2071.66 2005.23
100 1 1 -1789.99 -1954.46
101 1 1 -2022.35 -2013.86
102 1 1 -1889.3 -1985.1
103 0 0 1949.63 1833.95
104 1 1 -1883.19 -1981.58
105 0 0 2149.78 2748.54
106 0 1 2169.86 -2018.96
107 1 0 -2217.05 2334.32
108 1 1 -1750.05 -1864.19
109 1 1 -2129.01 -2081.59
110 1 1 -2012.69 -1925.04
111 0 1 2357.87 -1922.49
112 1 1 -1918.91 -1980.63
113 0 1 2127.16 -2071.3
114 0 0 1966.4 1968.89
115 1 1 -1745.27 -1917.37
116 1 1 -2074.93 -1895.44
117 0 1 2762.81 -2001.54
118 0 0 2160.33 2048.4
119 0 0 2080.79 2050.9
120 1 1 -1909.05 -1902.68
121 1 1 -2040.71 -1941.52
122 0 0 1961.2 1820.38
123 1 0 -2025.86 2094.72
124 1 1 -2056.31 -2051.85
125 1 1 -2009.59 -1896.13
126 0 1 2184.83 -1894.27
127 0 1 2102.18 -2023.21
128 0 0 1985.31 1871.58
129 0 0 2154.47 2073.69
130 1 1 -2043.18 -2142.94
131 0 0 2029.96 1869.12
132 1 1 -2043.91 -2182.43
133 1 0 -2575.47 2266.41
134 0 1 2054.9 -2000.6
135 1 1 -1876.06 -2854.8
136 1 0 -2086.22 2101.17
137 1 0 -2248.7 1902.25
138 0 0 2066.85 1993
139 0 1 2022.83 -1955.13
140 0 1 2064.31 -1953.3
141 0 1 2823.08 -2108
142 1 1 -1819.17 -1921.79
143 0 1 2035.07 -1803.91
144 1 1 -1964.24 -1999.86
145 1 0 -2036.5 2018.31
146 1 0 -2070.2 2170.73
147 0 0 2083.25 2066.56
148 0 1 2100.46 -1904.81
149 1 0 -1972.01 2012.45
150 1 1 -1872.16 -1898.28
151 1 1 -2119.56 -2126.32
152 1 0 -1973.09 1978.4
153 0 1 2122.93 -2033.07
154 1 0 -2073.04 2157.78
155 1 0 -1920.64 1994.72
156 1 0 -1942.45 2028.71
157 0 0 1900.14 1818.66
158 0 0 2102.2 1966.33
159 0 0 2046.27 1810.37
160 1 1 -2106.83 -1946.35
161 0 0 2109.79 2044.93
162 0 1 2030.23 -2004.55
163 0 0 2150.6 2053.9
164 0 1 2155.4 -2808.26
165 1 0 -1869.22 2008.41
166 0 0 1904.49 1792
167 1 0 -2019.3 2198.91
168 0 0 2119.2 2088.98
169 0 1 2139.46 -2046.8
170 0 1 2052.12 -1929.18
171 0 1 2067.6 -1968.53
172 0 0 1876.13 2653.23
173 0 0 2128.25 1983.4
174 1 0 -1747.5 2043.78
175 1 1 -1833.65 -2153.16
176 1 1 -2102.74 -2047.34
177 1 0 -2110.78 2136.24
178 0 0 1877.75 1796.94
179 1 0 -2702.56 2258.95
180 1 0 -1885.82 1967.76
181 0 1 3163.97 -2094.21
182 0 0 2137.32 2120.86
183 1 0 -2239.04 2066.08
184 1 0 -2105.8 2267.66
185 1 1 -1845.11 -1845.65
186 1 1 -1892.52 -2964.32
187 1 1 -2324.53 -1928.42
188 1 1 -2026.57 -2076.67
189 1 1 -1776.58 -4888.38
190 0 0 2158.35 2141.25
191 0 0 2331.45 1880.82
192 0 1 2092 -1912.25
193 1 1 -2128.69 -2102.07
194 1 0 -2088.16 2228.42
195 1 1 -1782.24 -2146.83
196 0 0 2080.23 1860.68
197 1 0 -2085.19 2036.33
198 0 0 2189.23 2072.09
199 1 0 -1923.62 2039.48
200 0 0 1833.65 1743.11
201 1 1 -1940.18 -2068.88
202 1 1 -1868.62 -2097
203 1 0 -2195.14 2396.59
204 1 1 -1967.44 -1913.52
205 0 1 2001.51 -2009.37
206 1 0 -1871.76 1946.5
207 1 1 -1921.57 -1954.29
208 0 0 2345.72 2059.79
209 0 1 3236.71 -2001.75
210 0 1 2195.53 -2003.86
211 0 1 1961.27 -5558.68
212 1 0 -1881.52 2038.35
213 0 1 2161.21 -1993.09
214 1 0 -2098.22 1980.67
215 0 0 1872.82 2395.42
216 0 1 2124.02 -2043.11
217 0 0 2146.83 2065.05
218 1 1 -3846.71 -1800.83
219 1 0 -2067.48 2301.22
220 1 0 -2081.96 2286.2
221 1 1 -2014.37 -1948.97
222 1 1 -1797.05 -1787.92
223 0 1 2120.55 -2361.75
224 1 0 -2218.6 2026.09
225 0 0 2070.48 2132.12
226 0 0 1999.03 2003.43
227 0 1 2190.91 -1882.52
228 1 0 -1956.65 2099.22
229 0 1 1947.97 -1897.56
230 1 0 -3444.83 1939.18
231 0 1 1987.64 -1899.35
232 1 1 -1837.58 -1988.93
233 0 0 2492.14 1995.79
234 1 1 -1981.06 -1919.92
235 1 0 -1935.8 2192.21
236 1 1 -2006.37 -2139.99
237 1 0 -2114.84 3531.71
238 1 0 -1918.45 2028.33
239 0 1 2162.55 -2045.62
240 0 0 1975.86 1850.68
241 0 0 2146.53 2116.68
242 1 1 -1935.51 -1918.37
243 0 1 2022.98 -2136.03
244 0 1 2013.64 -1890.29
245 0 1 2141.37 -1992.09
246 0 1 1978.78 -2066.3
247 0 0 2077.04 2024.69
248 1 0 -1788.96 1854.37
249 1 1 -2153.4 -2125.85
250 0 1 2052.13 -2345.26
251 1 0 -2029.9 2022.43
252 0 0 1939.31 1814.62
253 1 1 -2121.15 -2085.2
254 0 1 2149.26 -1984.37
255 1 0 -1945.54 2122.82
256 0 1 2068.46 -2001.69
257 1 1 -1924.92 -1934.4
258 1 0 -2085.42 2226.35
259 0 0 2063.13 1917.82
260 1 0 -1766.57 1923.41
261 0 0 2009.65 2858.46
262 1 1 -2015.31 -2047.21
263 1 0 -1986.77 3460.92
264 1 1 -1711.57 -1783.3
265 0 0 2280.72 1839.22
266 1 1 -2060.45 -1971.21
267 0 1 2047.51 -1929.81
268 0 0 2309.39 2040.39
269 1 1 -1737.86 -3086.9
270 1 1 -2121.71 -2427.86
271 1 0 -2101.68 3226.61
272 0 0 2024.81 1973.51
273 0 0 1873.51 1902.89
274 1 0 -1869.68 1948.84
275 0 1 2276.05 -2129.8
276 1 1 -1745.36 -1805.84
277 1 0 -2092.94 2193.71
278 1 0 -2041.44 2070.45
279 1 1 -1934.12 -2043.95
280 1 1 -1766.71 -1899.49
281 1 1 -2471.95 -1934.44
282 0 1 2031.8 -2022.13
283 0 1 2034.09 -5331.71
284 1 1 -1714.16 -1985.53
285 0 1 2137.45 -2011.2
286 0 1 2021.6 -1957.51
287 0 0 2031.82 1838.96
288 1 1 -2145.49 -1946.85
289 1 1 -1998.32 -1925.6
290 0 1 1997.19 -1977.79
291 0 0 2184.15 2127.76
292 0 1 2030.84 -1968.64
293 1 1 -2094.62 -1977.53
294 1 0 -2149.83 3648.13
295 0 1 2115.8 -2006.45
296 1 0 -1901.94 2182.94
297 0 0 2033.11 2909.94
298 1 0 -2040.5 2102.45
299 0 0 2267.63 1905.63
300 1 0 -2521.79 2082.72
301 0 0 2120.44 2045.51
302 1 0 -1982.89 2163.78
303 0 0 2015.81 2007.68
304 0 1 2690.95 -1835.89
305 1 1 -2064.17 -2006.45
306 1 0 -1813.43 1957.72
307 1 0 -1947.98 2023.72
308 1 1 -2085.9 -1897.05
309 0 0 2265.23 3778.51
310 1 1 -2046.55 -1992.7
311 1 1 -1897.74 -2239.46
312 1 1 -2008.51 -2002.92
313 1 0 -1856.28 1884.79
314 1 0 -1907.78 2063.17
315 1 1 -1835.92 -1997.85
316 1 1 -2280.85 -1874.42
317 0 0 2053.63 2020.48
318 1 1 -2723.23 -2011.36
319 0 1 2015.42 -1943.55
320 0 0 2178.15 2128.66
321 0 1 2457.15 -2629.87
322 1 1 -1916.24 -2198.45
323 1 0 -2078.92 2178.8
324 0 1 2179.72 -2068.51
325 1 1 -1905.49 -1878.38
326 0 0 2205.89 2050.85
327 0 1 1963.51 -1791.37
328 1 1 -1948.28 -2616.23
329 0 0 2078.35 1916.12
330 1 0 -2369.46 2164.55
331 1 0 -1996.92 2242.02
332 0 1 2093.08 -2030.82
333 1 1 -1736.21 -1837.11
334 1 1 -1974.18 -2241.8
335 0 1 2044.32 -2163.98
336 0 1 2050.32 -1935.41
337 0 0 1992.58 1885.71
338 0 1 2610.9 -2046.48
339 1 0 -2059.64 2119.78
340 0 1 2072.27 -1950.22
341 1 1 -2234.28 -2015.74
342 0 1 5915.61 -1881.4
343 1 0 -1810.01 3154.14
344 0 0 2114.35 2040.57
345 0 0 2085.31 1991.05
346 0 1 2211.79 -2078.11
347 1 1 -1841.46 -1910.46
348 0 0 1852.27 1863.16
349 0 1 2039.42 -2036.45
350 1 1 -2175.45 -2095.29
351 1 1 -2021.85 -2111.02
352 1 0 -1918.2 2010.37
353 0 1 2053.25 -1922.08
354 1 0 -1931.73 5053.03
355 0 1 2046.11 -2071.58
356 0 0 2155.52 2022.78
357 0 1 1927.76 -2353.98
358 0 1 2694.24 -2862.45
359 0 0 2177.97 2143.85
360 0 0 2032.87 2206.93
361 1 1 -1938.1 -2099.49
362 1 0 -2117.92 2263.55
363 1 0 -2030.77 2102.71
364 1 1 -2043.87 -2087.15
365 1 1 -1806.13 -1893.28
366 0 0 5543.06 1744.47
367 1 1 -1954.08 -1814.68
368 1 1 -1908.12 -1892.98
369 0 0 4252.01 2038.13
370 0 1 2135.29 -2130.9
371 0 1 2128.67 -2534.46
372 1 1 -1817.23 -1905.2
373 1 0 -2037.62 2082.61
374 0 1 2718.29 -1982.03
375 1 0 -2081.58 2217.53
376 0 1 2146.2 -1913.75
377 0 1 2039.08 -1924.93
378 1 1 -1811.76 -1816.05
379 1 0 -1900.64 2013.97
380 1 1 -1861.74 -1907.71
381 0 0 5398.39 1912.31
382 0 1 2200.62 -2138.9
383 1 0 -2153.56 2172.32
384 1 1 -1754.46 -1808.9
385 0 0 2157.17 2060.39
386 1 1 -1880.74 -2091.15
387 0 1 2061.89 -3706.02
388 1 0 -2021.12 2091.19
389 1 1 -1913.85 -1879.96
390 1 1 -1792.47 -1843.18
391 0 1 2043.03 -1944.84
392 0 1 2334.26 -1953.07
393 0 0 1986.1 1827.15
394 1 1 -2052.36 -1821.62
395 1 1 -1746.55 -1810.17
396 0 1 1903.28 -1826.81
397 1 1 -2044.53 -2046.56
398 1 0 -1917.39 2064.73
399 1 1 -1812.25 -1863.69
400 1 0 -2079.64 2122.61
401 1 1 -1694.81 -2049.72
402 1 0 -1903.93 2100.81
403 0 1 2073.99 -1915.3
404 0 1 2071.33 -1877.77
405 1 1 -1801.64 -1874.13
406 1 0 -2107.15 2196.87
407 0 0 2350.8 2177.93
408 0 0 2142.94 2010.35
409 1 0 -2614.45 2360.7
410 1 0 -2069.55 2020.18
411 1 1 -6001.71 -1820.34
412 1 0 -2088.32 2310.37
413 0 0 2030.77 1841.41
414 1 0 -2066.14 2198.31
415 1 0 -2021.87 2000.75
416 0 0 2036.99 2014.12
417 0 0 1925.72 2072.63
418 1 1 -1881.52 -2203.9
419 0 0 1919.76 1802.94
420 0 1 1915.05 -1850.05
421 1 1 -2077.68 -2111.89
422 0 0 2195 2138.17
423 0 1 4120.26 -2134.03
424 0 0 2809.79 1875.47
425 1 0 -1961.3 1883.84
426 1 1 -1904.2 -2212.89
427 1 1 -1783.9 -1853.92
428 1 0 -2160.05 2243.29
429 0 0 1996.11 2006.43
430 0 0 1891.78 1891.38
431 0 1 2990.34 -2084.46
432 0 1 3284.31 -2070.97
433 0 0 2000.5 1918.93
434 0 0 1999.34 2044.11
435 0 0 1773.85 1773.28
436 1 0 -1939.08 2096.14
437 0 0 2134.74 2116.04
438 1 0 -2249.69 2025.08
439 0 0 2029.7 1951.36
440 1 1 -1791.95 -2914.64
441 0 1 2079.87 -1974.88
442 0 1 2001.25 -2712.55
443 1 0 -1988.13 2092.95
444 0 0 2182.72 2055.47
445 0 0 3176.76 1891.81
446 1 1 -1888.37 -2609.86
447 1 0 -2124.7 2248.29
448 1 0 -2067.79 2259.19
449 0 1 2049.2 -2024.19
450 1 1 -3628.23 -1878.88
451 0 1 2162.71 -2676.53
452 1 0 -1978.55 2071.08
453 1 1 -2123.92 -2141.86
454 0 0 2217.56 2180.89
455 1 0 -2043.46 2080.79
456 0 0 2002.94 2502.21
457 1 0 -2175.31 2338.63
458 1 1 -2001.8 -1981.22
459 1 0 -2181.57 2279.67
460 0 0 2102.31 1963.53
461 1 1 -2006.62 -1992.72
462 0 1 2739.41 -1894.59
463 0 1 2123.87 -2164.04
464 0 0 2247.66 1958.27
465 1 1 -2270.37 -1986.45
466 0 0 1970.14 1858.04
467 0 1 2151.46 -1915.21
468 0 0 1942.49 1859.74
469 1 1 -1830.17 -1840.38
470 1 0 -1829.48 1914.19
471 1 0 -1993.33 1994.07
472 1 1 -2155.69 -2107.86
473 1 0 -1933.68 2033.95
474 0 0 2055.59 2055.42
475 0 0 2214.82 2068.27
476 0 1 2050.93 -1932.42
477 1 0 -1927.21 1957.31
478 0 1 2077.65 -2368.58
479 1 1 -3066.39 -1952.73
480 1 0 -1889.43 6640.54
481 1 0 -1942.93 2050.34
482 1 0 -1844.86 1918.51
483 1 0 -1979.6 2141.29
484 0 1 2340.9 -2083.08
485 1 0 -1905.11 2045.52
486 1 0 -2064.12 2327.53
487 1 1 -1929.34 -1923.9
488 1 1 -2133.87 -2469.87
489 1 1 -2044.21 -2088.07
490 1 0 -1987.53 2240.01
491 1 1 -2091.75 -1957.57
492 0 0 2086.36 1873.46
493 0 1 2152.97 -2018.26
494 0 1 2110.26 -1946.77
495 0 0 2060.67 2074.33
496 1 0 -1972.73 2152.59
497 0 1 2091.82 -2186.8
498 0 1 2005.06 -1902.9
499 1 0 -2211.39 2318
500 0 0 1871.49 1736.05
501 0 0 1869.17 1824.61
502 0 1 2104.55 -1943.61
503 0 0 2332.37 1949.49
504 0 1 6081.69 -1831.65
505 0 0 1996.53 1985.68
506 1 1 -2031.99 -2049.25
507 1 0 -4215.26 2073.8
508 1 0 -1912.11 2106.25
509 0 0 2099.88 2143.41
510 1 0 -2054.44 2136.48
511 0 1 1952.67 -1876.05
