0 0 1 3524.98 -3586.85
1 0 0 4051.85 4049.36
2 1 1 -4298.46 -3777.92
3 1 0 -3587.07 3741.84
4 0 0 3730.67 6116.18
5 0 1 3917.85 -3811.67
6 0 0 4189.71 3869.3
7 1 0 -3591.15 3778.53
8 1 1 -3965.01 -3916.9
9 1 0 -5002.4 3824.27
10 0 1 4709.86 -4383.23
11 0 0 3915.76 3846.06
12 0 1 3775.23 -3874.79
13 0 1 3707.14 -3867.19
14 0 0 4499.25 3740.9
15 0 1 3651.68 -3745.26
16 0 0 3609.18 3641.45
17 0 1 3709.03 -3827.05
18 1 0 -3716.35 4066.68
19 1 1 -4189.71 -3891.36
20 1 1 -4098.88 -5167.97
21 0 1 3765.38 -3876.7
22 1 1 -3939.03 -3995.65
23 0 1 3844.75 -3900.17
24 0 0 4105.15 3882.62
25 1 1 -3995.45 -3768.38
26 1 1 -4178.17 -3952.58
27 0 0 3905.83 3916.47
28 0 0 3908.21 3953.25
29 1 1 -4095.41 -3888.2
30 0 1 3586.97 -3723.82
31 1 0 -3863.88 4055.53
32 0 0 4080.87 4059.8
33 1 1 -4203.73 -3995.34
34 1 1 -3975.26 -3722.67
35 0 0 3872.11 3936.89
36 0 1 3654.92 -3722.1
37 0 0 3636.36 7596.15
38 1 0 -3739.56 4240.68
39 0 1 3794.15 -3876.93
40 0 1 3686.59 -3866.33
41 0 0 3925.3 3770.17
42 0 0 3673.71 3614.74
43 0 0 4193.16 3611.38
44 0 1 3547.89 -3897.99
45 1 0 -3638.22 4010.85
46 0 1 3700.76 -3803.88
47 1 0 -3793.77 4034.09
48 1 0 -3605.97 3637.32
49 1 0 -3567.18 3918.11
50 1 0 -3584.44 3799.53
51 1 0 -3609.96 3705.31
52 1 0 -3786.59 4058.74
53 0 0 3894.85 3871.37
54 1 1 -3941.69 -3768.92
55 0 1 3566.41 -12245.1
56 1 0 -3687.09 4021.1
57 1 1 -4067.34 -4045.35
58 0 1 3736.34 -3909.23
59 0 1 3718.63 -3895.16
60 0 1 3522.76 -3651.97
61 1 0 -3658.36 3996.67
62 1 0 -3742.57 4107.7
63 0 0 3653.82 3682.58
64 1 0 -3456.16 3551.92
65 0 1 3782.6 -3921.37
66 0 0 3778.81 3801.29
67 1 0 -3636.5 3986.59
68 1 0 -3584.9 8116.24
69 1 0 -3662.3 3939.57
70 0 1 3708.23 -3821.3
71 1 0 -3731.62 4027.66
72 1 1 -3972.06 -3763.45
73 0 0 3701.58 3758.01
74 0 0 3984.18 3740.64
75 0 0 3909.75 3965.15
76 1 0 -3549.27 3566.23
77 1 1 -3845.91 -3814.78
78 0 0 4038.55 3686.97
79 0 1 3625.31 -3822.88
80 0 1 3558.45 -3646.8
81 1 0 -3830.18 4107.12
82 0 1 3647.71 -3693.96
83 1 1 -3577.16 -3667.19
84 1 0 -3605.64 3677.85
85 0 1 3687.6 -3741.62
86 1 1 -3644.92 -3862.01
87 0 0 3916.78 3937.01
88 0 1 3865.19 -3891.54
89 1 1 -4216.64 -4000.09
90 0 0 4185.99 4006.27
91 0 0 4608.31 3940.44
92 0 1 3841.95 -3881.99
93 1 0 -3658.87 3745.3
94 1 0 -3652.4 3698.65
95 1 0 -3637.77 3986.85
96 0 0 3982.24 4075.88
97 0 1 3835.25 -3846.75
98 1 0 -3596.88 3701.18
99 0 1 3752.94 -3816.06
100 1 0 -3533.54 3651.59
101 0 1 3843.8 -4481.9
102 1 0 -3655.02 3812.66
103 1 1 -4040.61 -3776
104 0 1 4015.18 -3816.45
105 1 0 -3747.81 3967.75
106 1 0 -3499.28 3938.11
107 0 0 4114.36 3788.84
108 1 0 -3668.8 4043.46
109 0 0 3701.33 3824.25
110 0 0 3799.4 3858.46
111 0 0 3865.5 3836.02
112 0 0 3733.21 3862.32
113 0 0 5495.58 3739.5
114 1 0 -3740.52 3958.02
115 0 0 3940.91 4060.65
116 0 1 3797.22 -3948.68
117 0 0 3657.46 3656.25
118 0 0 6686.86 3772.72
119 1 0 -3694.45 3637.36
120 1 0 -3743.42 4042.23
121 1 1 -4106.71 -3859.24
122 0 1 3799.65 -3988.54
123 0 1 3678.89 -3847.99
124 0 0 3824.48 3866.82
125 1 1 -3929.1 -3801.01
126 0 0 3856.28 3922.47
127 0 1 3833.72 -3888.38
128 0 0 3922.47 3904.01
129 1 0 -3733.29 3964.26
130 0 0 4024.75 3666.65
131 0 1 3661.51 -3652.59
132 0 1 3632.15 -3718.59
133 0 1 3558.12 -3698.09
134 0 1 3901.42 -3871.57
135 1 0 -3747.62 4021.73
136 0 1 6232.63 -3520.25
137 1 0 -3619.23 3631.87
138 1 0 -3508.96 3901.77
139 1 1 -3996.91 -3873.9
140 1 1 -3641.46 -4247.3
141 1 1 -3617.88 -3677.45
142 0 0 3926.79 3986.61
143 0 0 3806.02 3759.18
144 0 0 6206.96 3890.99
145 0 1 3777 -3851.16
146 1 0 -3741.89 4040.73
147 0 1 3745.26 -3789.66
148 1 0 -3509.58 3518.04
149 0 1 3692.71 -3845.34
150 0 0 3760.63 3712.22
151 1 0 -3739.19 4084.11
152 1 1 -4185.84 -4030.54
153 0 1 3858.85 -4389.09
154 1 1 -4127.76 -3997.97
155 1 1 -3992.17 -3820.38
156 1 0 -3490.87 3701.81
157 0 0 4106.53 4019
158 0 1 3748.1 -3823.68
159 0 1 3783.43 -3664.24
160 1 1 -3573.12 -3619.23
161 1 1 -3893.97 -3630.5
162 0 1 3860.07 -3910.33
163 1 0 -4176.78 4027.32
164 1 0 -3780.62 4088.38
165 1 1 -3905 -3831.5
166 0 0 3671.33 3718.43
167 1 0 -3552.14 3995.8
168 0 0 3983.23 4056.7
169 0 0 3789.92 3836.74
170 0 0 3840.16 3867.18
171 1 1 -3573.5 -3586.6
172 1 0 -3779.12 3955.78
173 1 0 -3646.49 3825.44
174 0 1 3589.38 -3766.67
175 1 0 -3684.66 4041.08
176 1 0 -3668.46 3754.4
177 1 0 -3674.96 7097.81
178 1 1 -3867.83 -3761.5
179 0 0 3683.07 3629.71
180 1 0 -3636.43 3839.93
181 1 0 -3811.11 4065.61
182 0 1 3670.69 -3771.97
183 1 1 -4112.28 -3929.67
184 1 0 -3729.9 4086.22
185 0 0 3914.75 3876.59
186 0 0 3743.67 8265.22
187 1 1 -3602.87 -3673.86
188 1 1 -4030.64 -3779.67
189 0 0 3732 3798.78
190 1 0 -3620 3772.66
191 1 1 -3905.76 -3696.29
192 1 0 -3630.77 3883.99
193 1 1 -3657.79 -3692.82
194 1 0 -3747.67 4065.13
195 1 0 -3508.62 3473
196 0 1 3710.56 -3509.55
197 0 1 3706.3 -3906.71
198 1 0 -3661.31 3785.85
199 1 1 -3961.19 -3820.1
200 1 1 -3975.75 -3857.98
201 0 1 3757.36 -3811.59
202 0 1 10402.7 -3738.34
203 1 0 -3643.19 4104.94
204 0 1 3530.63 -3600.25
205 1 1 -4099.71 -4001.4
206 1 1 -4186.51 -3956.17
207 0 0 3925.55 3832.84
208 0 1 3618.55 -3737.51
209 1 0 -3714.33 4034.55
210 1 0 -3603.01 9198.77
211 0 1 3937.08 -4709.56
212 0 0 3694.21 3776.36
213 1 0 -3641.57 3957.62
214 0 0 4032.62 4084.95
215 0 1 4833.16 -3964.63
216 1 1 -3894.24 -3849.21
217 0 1 3737.93 -3945.66
218 1 0 -3655.98 3967.93
219 1 1 -4143.21 -3963.78
220 1 1 -4030.84 -3754.02
221 1 1 -3960.88 -3828
222 0 1 3686.38 -3700.12
223 0 0 4031.94 3833.61
224 0 0 3766.44 3716.98
225 0 0 3923.24 3919.66
226 1 1 -4101.26 -3933.6
227 1 1 -4722.54 -3904.11
228 1 1 -10430.4 -3699.85
229 0 1 3649.46 -3854
230 0 0 4044.46 3699.5
231 0 0 5000.38 3610.28
232 1 0 -3557.47 3632.95
233 1 0 -3719.1 4014.05
234 0 1 3673.14 -3830.38
235 0 0 3654.92 3576.61
236 1 1 -4118.89 -4001.25
237 0 0 3888.16 3768.05
238 0 0 4117.78 3621.53
239 1 0 -3535.05 3683.31
240 0 1 3780.9 -3881.39
241 1 1 -3722.56 -3689.09
242 0 1 3755.74 -4067.64
243 1 1 -3623.97 -3725.64
244 1 0 -5933.36 3738.3
245 0 0 3904.78 3829.08
246 0 0 3916.33 4009.84
247 1 1 -4166.51 -3926.4
248 0 0 3806.73 3813.58
249 1 0 -3529.09 3572.88
250 0 1 3526.88 -3697.75
251 0 0 3731.53 3809.17
252 0 0 3711.73 3689.3
253 0 0 4021.61 4080.34
254 0 1 3785.83 -3885.42
255 1 1 -4265 -6830.71
256 1 1 -3869.09 -3872.65
257 0 1 3656.81 -3619.48
258 0 0 3702.31 3713.88
259 1 0 -3742.24 4093.48
260 1 0 -3699.45 3708.18
261 0 0 3743.98 3733.4
262 1 1 -3958.33 -3747.76
263 1 0 -3592.11 3903.91
264 0 0 3941.44 3808.16
265 0 0 3962.71 3946.14
266 1 0 -3758.5 4879.19
267 0 1 3489.97 -3518.9
268 1 1 -4171.92 -3979.07
269 0 1 3737.6 -3857.99
270 0 0 4026.49 4008.98
271 0 0 3645.61 3636.91
272 1 1 -4108.49 -4041.62
273 1 1 -3598.09 -3674.55
274 1 0 -3767.44 4069.3
275 1 1 -5830.86 -3739.21
276 1 1 -4261.32 -3765.42
277 0 1 3869.69 -3902.79
278 0 0 3689.24 4102.98
279 0 1 5678.52 -3830.71
280 0 0 3752.47 3888.17
281 1 1 -4050.02 -4179.01
282 1 0 -3645.37 3791.8
283 1 1 -3948.94 -3700.47
284 0 1 3615.64 -3688.4
285 0 1 3562.01 -3464.92
286 0 1 3568.61 -3667.91
287 1 0 -3678.44 4021.49
288 1 0 -3594.88 3827.99
289 0 0 3958.75 3897.88
290 0 0 4021.64 4004.73
291 0 1 3537.13 -3661.74
292 1 1 -4094.52 -3921.04
293 0 1 3632.33 -4062.06
294 0 0 3644.99 4950.48
295 0 0 4034.32 3866.61
296 1 0 -3469.92 5861.51
297 0 0 4359.34 12837.1
298 1 0 -3695.59 3816.76
299 1 0 -3675.43 3755.64
300 1 0 -3739.08 4017.44
301 1 1 -4024.16 -3751.98
302 1 0 -3581.41 3694.34
303 0 1 3704.11 -3933.17
304 1 1 -4185.12 -3929.6
305 1 1 -4096.03 -3836.15
306 1 1 -4095.18 -3925.75
307 1 1 -4021.73 -4493.13
308 1 1 -3959.44 -3800.44
309 1 1 -3864.67 -3719.15
310 0 1 3556.59 -7039.84
311 1 1 -4093.99 -3875.59
312 1 0 -3569.8 3712.12
313 0 1 3638.04 -3775.99
314 0 0 3669.07 3636.49
315 0 1 3606.91 -3744.21
316 1 0 -3648.95 3673.63
317 1 0 -3591.46 3778.22
318 0 1 3863.37 -3932.49
319 0 1 3567.11 -3746.63
320 0 0 3733.4 3652.46
321 0 0 3697.62 11138.5
322 1 1 -4019.45 -6774.03
323 0 1 3677.07 -3764.35
324 0 1 3746.08 -3829.6
325 1 1 -3635.82 -3855.26
326 1 0 -3657.98 4625.98
327 1 0 -4734.72 3615.32
328 0 1 3563.82 -3719.33
329 1 1 -3615.38 -3711.73
330 1 1 -4035.3 -7085.29
331 0 0 3918.2 3763.99
332 1 1 -4006.57 -3865.81
333 1 1 -3859.29 -3754.93
334 1 1 -3903.49 -5020.05
335 0 1 3757.52 -3919.33
336 1 1 -4181.35 -3978.69
337 1 0 -6361.46 3790.55
338 1 1 -4170.28 -3866.87
339 0 0 3857.23 3877.14
340 1 1 -4101.09 -3921.71
341 0 0 3971.14 3951.86
342 0 1 5428.12 -3888.35
343 1 0 -3807.52 6429.42
344 0 1 3680.23 -3935.66
345 1 0 -3781.09 4114.71
346 1 1 -6827.43 -3857.3
347 0 1 3752.02 -3888.13
348 1 0 -3549.69 3562.89
349 1 0 -3623.41 3628.23
350 1 0 -3634.39 3728.36
351 0 1 3675.38 -3886.95
352 1 1 -3967 -3864.32
353 1 0 -3751.87 4024.47
354 1 1 -4487.77 -3726.13
355 0 1 6689.33 -3837.8
356 0 1 3657.41 -3848.63
357 0 1 3590.55 -3791.43
358 1 1 -3596.12 -3591.14
359 1 0 -3709.93 5958.41
360 0 1 3676.33 -3606.36
361 1 0 -3690.14 4159.06
362 1 1 -4115.72 -3884.25
363 1 0 -3675.06 3741.84
364 1 1 -4135.28 -3934.49
365 0 1 3591.3 -3846.22
366 0 0 3680.78 3569.73
367 1 1 -4767.97 -3864.93
368 1 0 -3916.67 4093.82
369 1 1 -4035.87 -3812.75
370 1 0 -3754.77 4036.37
371 0 1 3661.49 -3715.06
372 1 0 -3791.95 4067.85
373 1 0 -3702.66 4021.5
374 0 0 3714.58 3886.21
375 0 0 3962.2 3852.66
376 1 0 -3786.06 3987.87
377 1 1 -3924.96 -3753.86
378 1 0 -3665.45 3718.39
379 1 1 -3585.81 -3799.93
380 1 1 -3902.28 -3818.66
381 1 1 -4104.7 -3857.36
382 1 1 -3879.02 -3851.39
383 0 0 3898.38 3856.04
384 1 1 -4219.69 -3979.32
385 1 1 -7310.55 -3886.69
386 1 1 -3874.36 -3661.83
387 0 1 3691.19 -3852.44
388 0 0 3690.53 3827.06
389 1 0 -3677.44 3980.87
390 1 0 -3918.14 6049.47
391 1 0 -3641.08 3954.87
392 0 0 3974.07 4040.51
393 0 1 4371.61 -3806.87
394 0 1 3691.57 -3805.57
395 0 0 3704.63 3789.33
396 0 1 3675.44 -3815.13
397 0 0 3837.74 3808.74
398 0 0 3851.2 3929.85
399 0 1 6532.31 -3637.96
400 0 1 3622.03 -3837.67
401 1 1 -4073.72 -3847.85
402 1 1 -4028.5 -4126.3
403 1 1 -4265.45 -3936.63
404 0 1 3694.15 -4060.65
405 0 1 3551.2 -3788.91
406 0 1 3585.87 -4649.84
407 0 1 3496.17 -9758.24
408 0 0 3868.16 3871.09
409 1 0 -3612.29 3687.59
410 1 1 -4095.37 -3854.73
411 1 1 -3858.91 -3714.72
412 1 1 -4201.37 -3821.4
413 0 0 3901.19 3931.26
414 0 0 4569.26 3670.12
415 1 0 -5500.52 3648.81
416 0 0 3832.57 3723.67
417 1 0 -6362.72 3533.8
418 0 1 3653.53 -3888.01
419 0 0 4143.24 3824.99
420 1 1 -3909.3 -5557.78
421 0 1 3746.31 -3917.08
422 1 1 -3920.37 -3750.9
423 1 0 -3782.58 4106.35
424 1 0 -3671.35 3956.7
425 0 0 3854.34 3946.67
426 1 1 -4131.73 -3835.49
427 1 0 -3552.83 3597.33
428 1 0 -3608.74 3660.19
429 0 1 3719.55 -3875.91
430 1 1 -3562.87 -3604.2
431 1 0 -3675.5 3687.82
432 0 1 3804.19 -3951.49
433 1 0 -3599.03 3671.07
434 1 0 -3536.92 3626.58
435 0 1 3498.98 -3594.44
436 0 1 3745.72 -3802.97
437 1 0 -3781.64 3601.8
438 0 0 3877.39 3830.76
439 1 1 -4012.48 -3732.14
440 1 1 -4213.38 -4059.08
441 1 0 -3726.2 4080.31
442 1 0 -3714.62 4012.68
443 0 1 4198.42 -10519.1
444 1 0 -3532.73 3648.08
445 0 1 3526.24 -3683.01
446 0 1 5301.02 -3671.86
447 0 1 3718.47 -3607.46
448 0 1 3717.11 -3681.27
449 1 0 -3718.1 3793.02
450 0 1 3669.14 -3667.09
451 1 1 -4180.03 -3956.47
452 0 0 3951.77 3931.24
453 1 1 -3708.08 -3693.33
454 1 0 -3645.63 3625.12
455 0 1 3696.94 -3804.9
456 0 1 8976.23 -4176.11
457 1 1 -3948.97 -3841.66
458 0 1 3686.63 -3917.83
459 0 1 3531.5 -11716.8
460 0 0 3808.34 3785.89
461 0 1 3854.62 -3978.28
462 0 1 4165.96 -3964.19
463 0 1 3615.75 -3632.32
464 0 1 3664.46 -4729.36
465 1 0 -3765.96 4146.06
466 0 0 4064.68 8829.22
467 0 1 3800.88 -3815.44
468 0 1 3512.18 -6598.96
469 0 1 3628.46 -3930.53
470 1 1 -4025.68 -3833.21
471 0 0 3642.89 4334.15
472 0 1 3564.74 -3998.49
473 0 0 3665.51 3608.82
474 1 0 -3664.65 3834.76
475 0 0 3701.22 3690.67
476 0 1 3772.98 -3923.43
477 1 1 -4146.65 -3943.79
478 0 1 3528.59 -4591.74
479 1 0 -3705.12 3775.38
480 0 1 3546.92 -8924.75
481 0 1 3703.41 -3791.55
482 1 1 -3939.3 -3862.33
483 1 1 -4171.35 -3993.67
484 0 0 3664.23 3607.63
485 1 1 -3933.17 -3634.63
486 0 1 3657.01 -3844.53
487 1 0 -3790.69 4029.14
488 0 1 3655.63 -3956.72
489 1 0 -3758.51 4033.75
490 1 1 -4031.77 -3809.49
491 0 0 3871.08 3941.36
492 1 0 -3560.55 3664.12
493 0 0 4053.45 3691.86
494 0 1 3507.85 -3640.3
495 1 1 -4171.01 -4034.78
496 0 1 3821.11 -3878.28
497 0 0 3618.12 4025.3
498 1 0 -3763.41 4073.34
499 0 0 4066.18 4038.04
500 0 1 3633.59 -3682.88
501 1 1 -3926.7 -11015.8
502 1 0 -3677.62 3784.13
503 0 1 3623.37 -3643.42
504 0 0 3648.05 3671.92
505 0 0 4527.7 3666.42
506 0 0 3873.48 3947.48
507 1 1 -4309.76 -3922.24
508 0 0 3993.49 4005.73
509 1 0 -3659.25 3983.34
510 0 0 3735.04 3683.43
511 0 0 3785.44 3805.03
512 1 1 -4182.44 -3960.39
513 1 1 -4918.83 -3870.38
514 0 1 3665.12 -3939.97
515 0 0 4205.21 4627.52
516 1 0 -3782.72 4085.24
517 1 0 -3755.42 4057.44
518 1 1 -4068.22 -4022.04
519 0 1 3752.15 -3827.63
520 1 0 -3856.75 4061.26
521 1 1 -3663.7 -3564.16
522 0 1 3690.2 -3902.17
523 0 1 3546.84 -3806.09
524 1 1 -4143.73 -3934.27
525 0 0 3943.49 3949.97
526 0 0 3739.51 3780.74
527 1 0 -3654.91 3808.98
528 1 0 -3758.73 4037.55
529 0 1 3746.26 -3908.73
530 0 1 3744.47 -3941.72
531 1 0 -3480.98 3539.61
532 0 1 4556.02 -3884.64
533 0 1 3495.54 -4078.14
534 1 1 -3973.82 -3717.69
535 0 0 3853.49 3904.86
536 1 0 -3715.86 4035.1
537 0 1 3697.21 -3703.95
538 1 1 -4180.11 -3975.54
539 1 0 -3507.48 3602.04
540 1 1 -4087.43 -3859.66
541 1 0 -4038.66 3796.23
542 1 1 -4101.83 -4042.3
543 0 1 3644.47 -3688.83
544 1 1 -4120.96 -3928.35
545 0 1 3520.93 -4350.85
546 1 0 -3695.12 3789.99
547 1 1 -4080.83 -6432.35
548 1 1 -4246.75 -3947.63
549 1 1 -3868.33 -3698.85
550 0 1 3678.19 -3824.59
551 1 0 -3673.25 4001.19
552 1 1 -4525.45 -3791.96
553 1 0 -3610.56 3891.58
554 0 0 3707.65 4321.91
555 1 0 -3620.31 3619.4
556 1 0 -3778.52 4051.82
557 1 1 -3798.65 -4034.38
558 0 1 6269.69 -3785.63
559 1 0 -4440.46 4092.05
560 1 0 -3568.54 3668.4
561 0 0 3932.13 3993.19
562 0 1 3666.7 -3824.11
563 1 0 -3769.92 4105.63
564 1 1 -4028.33 -3843.53
565 1 1 -4064.33 -3926.58
566 1 0 -3602.33 3639.84
567 1 1 -3665.58 -8400.54
568 1 0 -3534.39 3636.41
569 1 1 -4063.77 -3758.1
570 1 1 -4002.1 -3906.19
571 1 1 -3859.99 -3771.09
572 1 0 -3537.52 3636.37
573 0 0 3663.5 9241.97
574 0 0 5989.42 3881.39
575 1 0 -4004.5 3894.5
576 0 0 3617.72 3575.74
577 0 0 11084.4 3609.48
578 0 0 3851.91 3932.41
579 1 1 -4770.56 -3886.53
580 0 1 3683.1 -3865.78
581 1 0 -3516.06 3790.95
582 1 1 -4152.55 -3873.04
583 0 0 3644.61 3984.16
584 0 1 3673.15 -3846.34
585 0 0 3744.35 3721.96
586 1 1 -4139.95 -3845.86
587 1 1 -4197.92 -3893.3
588 1 1 -3955.28 -4090.4
589 0 1 3741.56 -3801.76
590 0 1 3526.61 -3495.48
591 0 0 3785.4 3788.49
592 0 0 3967.89 4034.32
593 1 0 -3610.59 3909.58
594 0 1 5152.93 -3712.44
595 1 0 -3566.38 3609.75
596 0 1 3650.26 -3800.46
597 1 1 -4147.18 -3908.5
598 1 0 -3688.98 3508.94
599 1 0 -3486.97 3484.5
600 0 0 3740.79 3799.94
601 1 1 -3928.46 -3861.89
602 1 1 -4044.3 -3851.83
603 1 0 -3718.2 4135.19
604 1 0 -3867.14 4101.58
605 1 1 -6434.92 -3716.09
606 0 1 3683.91 -3830.3
607 1 1 -3783.29 -3657.78
608 0 1 3713.68 -3886.05
609 1 0 -3671.58 3670.02
610 1 1 -4129.9 -3816.29
611 1 0 -3651.01 3776.58
612 0 1 3611.47 -3741.99
613 1 0 -3808.95 4094.84
614 1 0 -3713.51 3986.15
615 0 0 3931.65 3874.53
616 1 1 -4142.79 -3808.19
617 1 1 -4280.46 -4004.23
618 1 1 -4193.48 -3998.82
619 1 1 -4153.85 -3953.15
620 1 0 -3671.29 3847.94
621 0 0 4284.9 3813.47
622 1 1 -4142.55 -3929.32
623 0 1 3511.19 -3495.48
624 1 0 -3603.97 3632.99
625 0 0 3876.65 3852.74
626 0 1 4093.62 -3621.41
627 0 1 3758.76 -3921.58
628 0 1 3717.34 -3866.15
629 0 1 3532.72 -3711.94
630 1 1 -3593.41 -3579.63
631 0 0 4089.37 3863.32
632 1 0 -3787.21 4022.51
633 1 0 -3717.68 3973.11
634 0 0 3842.37 3859.6
635 0 1 3666.65 -3818.76
636 1 1 -3919.75 -3762.66
637 1 0 -3675.08 3990.86
638 1 0 -4011.81 3891.65
639 0 0 3754 3979.68
640 0 1 3701.63 -5920.18
641 0 0 4031.83 3939.05
642 0 0 3876.78 3870.83
643 1 1 -3945.89 -3726.79
644 1 1 -4272.04 -4001.09
645 0 0 3608.09 3654.98
646 0 1 3830.45 -3927.17
647 0 1 3556.96 -3659.97
648 1 1 -4074.38 -3742.71
649 1 1 -4067.85 -3756.33
650 1 0 -3589.21 5421.47
651 1 0 -3654.62 3842.19
652 0 0 4602.13 3661.35
653 1 0 -3819.92 3944.07
654 1 1 -3913.98 -3648.02
655 1 1 -4171.28 -3848.99
656 0 0 3858.07 3852.93
657 1 0 -3628.11 3605.72
658 0 1 3707.81 -3672.03
659 1 1 -3850.3 -3712.13
660 0 0 3868.17 3880.04
661 1 0 -3589.13 3614.48
662 1 0 -3487.32 3722.52
663 1 1 -4023.38 -3749.61
664 0 0 4033.59 4092.89
665 0 0 3715.36 3733.97
666 1 1 -3928.52 -3759.79
667 0 0 3686.03 3734.93
668 0 0 4027.12 3789.76
669 1 0 -5250.48 3633.63
670 0 1 4393.49 -3854.48
671 1 1 -3609.04 -3668.7
672 0 1 3676.26 -3797.9
673 1 0 -3711.71 4086.68
674 0 1 3615.52 -3654.76
675 1 0 -3532.59 3492.94
676 0 0 3871.51 3869.18
677 0 0 3946.32 3862.89
678 0 1 3510.14 -3668.9
679 0 0 3752.84 3878.94
680 1 1 -3596.31 -3649.16
681 0 1 3829.73 -3963.76
682 0 1 3629.82 -3824.47
683 0 0 4051.31 3702.23
684 1 1 -4261.05 -3888.13
685 1 1 -3786.43 -3666.75
686 1 1 -3957.21 -3829.19
687 0 1 3695.02 -6413.64
688 1 1 -3870.01 -3836.17
689 0 0 3813.71 3805.95
690 0 1 4219.04 -3713.01
691 0 1 3565.16 -3561.76
692 0 1 3652.39 -4747.72
693 1 0 -3670.1 4024.37
694 1 1 -3618.25 -3725.96
695 0 1 3520.81 -3480.91
696 1 1 -3833.97 -3728.07
697 1 0 -3736.38 3984.59
698 1 0 -3473.56 3518.52
699 1 1 -3661.96 -3771.55
700 1 1 -3939.84 -4129.26
701 0 0 3945.76 4003.24
702 1 0 -5160.18 3749.74
703 1 0 -4553.27 3788.39
704 1 0 -3596.6 3841.34
705 0 1 3506.59 -3560.21
706 1 0 -4584.62 4110.26
707 1 1 -4137.59 -3933.63
708 1 1 -3966.81 -3820.29
709 0 0 3874.7 3934.19
710 0 0 3618.75 3722.45
711 1 1 -4066.42 -3853.66
712 0 1 11009.3 -3844.96
713 0 1 3646.02 -4063.39
714 0 0 3753.17 3784.72
715 1 1 -4774.66 -3948.89
716 1 1 -4024.48 -3815.07
717 1 0 -6144.61 3642.37
718 1 0 -3796.47 4058.39
719 0 0 3766.49 3679.81
720 1 0 -3528.25 3627.48
721 1 0 -5354.01 3814.83
722 1 0 -4058.9 4128.44
723 0 1 3550.19 -4005.92
724 1 1 -4111.34 -7295.39
725 0 0 3844.49 3945.29
726 0 0 3974.46 4036.78
727 1 0 -3591.71 3800.75
728 1 0 -3763.22 4166.02
729 1 0 -3667.08 3659.5
730 1 0 -3708.99 3888.11
731 0 1 3699.54 -3797.28
732 0 1 3781.62 -3880.23
733 1 0 -3652.37 3606.43
734 0 1 3826.75 -3946.8
735 0 0 4018.44 3889.14
736 0 1 3521.67 -3594.62
737 0 0 3982.96 4017.47
738 1 0 -3810.01 4056.95
739 1 1 -3959.48 -3812.62
740 0 1 3566.78 -4080.69
741 0 0 3787.38 3770.78
742 0 1 3603.97 -3796.71
743 1 1 -4302.5 -4932.18
744 1 1 -4080.24 -7355.93
745 0 1 4929.51 -3852.98
746 1 1 -3697.61 -11773.1
747 1 1 -4267.56 -3958.32
748 1 0 -3572.72 4576.73
749 0 1 3697.39 -3838.43
750 1 1 -3822.57 -3646.99
751 0 0 3869.95 3819.32
752 1 1 -4130.69 -3987.3
753 1 0 -3775.12 4066.04
754 1 1 -4081.2 -3918.75
755 1 1 -3586.1 -3671.6
756 1 1 -4653.95 -3809.13
757 0 0 3930.66 3816.21
758 1 1 -3874.47 -3698.99
759 0 0 3869.75 3854.47
760 0 0 3781.26 3852.62
761 1 0 -3656.89 3988.76
762 1 1 -4242.15 -4156.91
763 0 0 4745.5 3714.26
764 1 0 -3623.73 3733.08
765 1 0 -3879.46 3805.1
766 0 1 11213 -3746.8
767 1 0 -3666.16 3862.06
768 1 1 -3664.35 -3863
769 1 1 -3589.98 -3656.86
770 1 1 -3616.8 -3637.62
771 1 0 -3780.54 4074.12
772 1 0 -3620.8 3590.74
773 1 0 -3773.46 4108.2
774 0 0 3763.64 3869.5
775 0 0 3575.22 3544.9
776 0 0 3770.01 3757.42
777 0 0 3855.59 8770.87
778 1 0 -3593.8 3895.35
779 1 1 -4293.43 -3975.93
780 0 0 3966.39 3875.11
781 0 0 3874.54 3966.33
782 1 0 -3680.22 4019.87
783 1 0 -3528.46 3691.63
784 1 0 -3580.07 3907.44
785 1 1 -4363.18 -3981.34
786 0 0 4092.21 4068.75
787 0 0 3969.64 4236.37
788 1 0 -3508.37 3649.31
789 0 0 3857.12 3972.67
790 0 1 3550.17 -3579.66
791 0 1 3664.79 -3476.54
792 0 0 3831.47 3635.83
793 1 1 -4033.65 -3832
794 0 1 3686.54 -3881.67
795 1 1 -3624.33 -3667.64
796 0 1 3823.82 -3931.09
797 0 0 3867.12 3856.42
798 0 0 7400.2 4031.12
799 0 1 3712.53 -3911.08
800 1 1 -4194.17 -4010.03
801 1 1 -3812.63 -3704.39
802 0 1 3543.51 -8256.54
803 1 1 -3917.02 -3744.11
804 0 1 3624.9 -3835.72
805 0 1 3663.49 -3693.09
806 1 0 -3580.71 3759.61
807 0 1 3666.3 -3907.62
808 0 0 3858.84 8211.04
809 0 1 3705.28 -3894.06
810 0 1 3654.98 -3826.83
811 1 1 -3998.63 -6954.34
812 1 1 -4208.78 -3963.5
813 0 0 3815.58 4084.9
814 1 1 -3611.8 -4102.41
815 1 0 -3756.03 4609.3
816 1 0 -3508.77 3565.47
817 0 1 3797.74 -3847.15
818 0 1 4478.35 -4873.48
819 0 1 3681.98 -3955.71
820 0 1 3461.9 -3543.78
821 1 0 -3578.62 3606.62
822 1 0 -3614.81 3628.56
823 0 0 3611.22 3591.63
824 1 1 -3948.39 -7476.73
825 1 1 -4150.68 -3925.4
826 1 1 -4093.09 -3840.25
827 0 1 8406.22 -3643.93
828 1 0 -3528.44 4352.41
829 0 0 3827.4 3874.46
830 0 1 3581.66 -3763.09
831 1 0 -6069.19 3768.11
832 0 0 3951.19 3948.85
833 0 1 3630.89 -3746.66
834 1 1 -3598.55 -3636.56
835 1 0 -3631.31 3868.5
836 1 1 -4096.26 -3953.32
837 0 1 3769.94 -3940.28
838 0 1 3616.58 -3767.27
839 1 0 -3629.7 3863.79
840 0 0 3696.72 3811
841 0 1 3704.57 -3826.92
842 0 0 3897.27 3976.54
843 0 1 3557.74 -3758.93
844 0 1 3733.32 -3882.4
845 0 0 3865.32 3936.93
846 1 1 -4141.03 -3969.76
847 1 0 -3698.16 3950.42
848 1 1 -3584.15 -3709.26
849 0 1 4066.85 -3743.47
850 0 0 3838.44 3917.15
851 1 0 -3850.73 3964.57
852 0 0 3867.56 3865.54
853 1 1 -3893.73 -3763.25
854 1 0 -3647.76 3953.7
855 1 0 -3889.82 3616.88
856 0 0 4076.78 4046.69
857 1 1 -3608.2 -4509.74
858 1 0 -3591.94 3707.87
859 0 1 3645.6 -3734.64
860 0 1 3639.83 -3611.34
861 0 1 3700.87 -3801.95
862 1 0 -3724.13 4013.69
863 0 0 3608.34 3702.62
864 0 1 3738.53 -3907.48
865 0 1 3467.54 -3453.88
866 0 1 3748.03 -3873.86
867 1 0 -3640.83 3955.45
868 0 1 3754.6 -3767.66
869 0 0 3936.33 3940.63
870 1 0 -3664.91 3953.93
871 1 0 -3597.1 3696.84
872 0 1 4790.23 -3899.87
873 0 1 3754.16 -3871.91
874 1 0 -3713.97 4030.41
875 1 1 -3974.6 -3840.72
876 0 1 3766.42 -3938.17
877 1 1 -4140.7 -3893.3
878 1 0 -3712.59 4020.85
879 0 0 3981.49 4034.51
880 0 0 3904.64 3806.76
881 1 0 -3677.77 4137.23
882 1 0 -3680.55 3582.81
883 1 0 -3725.54 4145.65
884 1 1 -4094.75 -3888.04
885 1 0 -3910.06 4139.96
886 1 1 -3792.61 -4534.4
887 0 0 4083.05 3723.18
888 0 1 3730.55 -3887.6
889 0 1 3534.84 -3670.79
890 0 0 3866.64 3911.03
891 0 1 3540.01 -3738.69
892 0 1 3796.27 -3823.47
893 0 0 4042.36 4041.59
894 1 1 -4151.49 -3922.08
895 0 1 3622.58 -3868.86
896 1 1 -4022.64 -3781.31
897 1 0 -3609.79 3525.68
898 0 0 4133.55 3749.18
899 0 0 3972.27 3690.55
900 0 0 3757.56 3834.84
901 1 1 -4129.24 -3877.04
902 1 0 -3515.06 3640.41
903 1 1 -3700.24 -3691.46
904 1 1 -4193.57 -3796.86
905 0 0 3703.21 3733.21
906 1 1 -3865.49 -3660.63
907 0 1 9016.08 -3711.26
908 0 1 3633.5 -3862.57
909 0 0 4046.71 4022.93
910 0 1 3567.52 -3533.23
911 1 0 -3785.86 3961
912 0 1 3643.01 -3837.86
913 0 1 4202.43 -3898.74
914 0 0 3838.7 3667.77
915 1 1 -3823.64 -3665.52
916 1 0 -3633.89 3802.63
917 0 0 3689.1 3636.21
918 0 1 3942.28 -3911.09
919 0 1 3869.38 -3946.97
920 0 0 3688.09 3671.86
921 1 0 -4248.85 3760.16
922 0 0 3684 3828.46
923 0 0 3723.53 3684.37
924 0 0 3790.28 3997.77
925 1 1 -4133.71 -3880.57
926 1 1 -3647.65 -3681.52
927 0 1 3541.91 -3776.92
928 0 1 3857.1 -4863.43
929 1 0 -3507.74 3512.53
930 0 1 3844.48 -3843.35
931 0 1 3739.89 -3815.85
932 0 1 3701.78 -3864.26
933 1 1 -4112.28 -3909.37
934 0 0 3996.02 4060.23
935 0 1 3709.66 -3899.31
936 1 0 -3584.86 7624.85
937 0 1 3593.46 -3473.27
938 1 0 -3627.05 3731.04
939 1 0 -3924.28 4063.52
940 0 0 3951.84 3892.43
941 0 0 3727.48 3627.27
942 1 0 -3567.47 3754.18
943 1 1 -3991.58 -3876.56
944 1 0 -3723.61 3543.03
945 0 1 3524.48 -3722.09
946 0 1 3497.24 -3470.29
947 1 0 -3770.28 4076.04
948 1 0 -3556.34 3707.85
949 0 1 4677.23 -3778.73
950 0 0 3880.6 5229.96
951 0 1 3681.34 -3801.88
952 1 0 -3514.07 3732.01
953 0 0 3896.72 3820.92
954 0 0 4014.03 4123
955 1 1 -4087.95 -3915.2
956 0 1 3655.62 -3816.52
957 0 0 3884.26 3933.92
958 1 0 -4936.24 3860.42
959 0 1 3525.67 -3771.29
960 0 1 3695.17 -3771
961 0 0 3628.27 3623.49
962 1 1 -3839.25 -3792.68
963 0 1 3756.41 -3663.5
964 1 1 -4056.73 -5412.33
965 1 0 -3522.88 3716.06
966 1 0 -3670.51 4050.89
967 1 1 -4218.14 -3961.56
968 0 0 3988.87 4007.13
969 0 1 3636.8 -3712.82
970 0 0 4063.06 4093.52
971 1 1 -4207.41 -3964.66
972 1 0 -3567.95 3902.07
973 0 0 3864.5 3890.13
974 0 0 3888.81 3813.27
975 1 0 -3636.79 3673.51
976 0 0 3716.97 3837.17
977 0 0 3791.89 3755.17
978 0 0 3762.49 3769.47
979 1 0 -3492.28 3576.11
980 0 0 3741.43 3948.48
981 1 1 -4133.89 -3925.66
982 1 1 -5219.39 -3857.41
983 1 1 -4083.93 -3940.48
984 1 1 -4222.4 -3887.41
985 1 0 -3549.16 3595.58
986 1 0 -3491.58 3577.21
987 0 1 3539.08 -3623.14
988 1 0 -3629.25 3643.76
989 0 0 3709.39 3845.41
990 1 0 -3730.86 3691.4
991 0 1 3779.66 -3814.74
992 0 0 3853 3770.39
993 0 1 3685.91 -3801.71
994 1 0 -3518.88 3688.23
995 0 1 3717.1 -5994.37
996 0 0 3642.93 10983.2
997 0 1 3692.2 -3795.82
998 0 0 4861.31 3575.57
999 1 0 -3567.72 3701.82
1000 0 1 3621.05 -3672.94
1001 0 0 3903.35 3941.21
1002 0 0 4005.21 3940.92
1003 0 0 3821.2 3833.02
1004 1 1 -4218.64 -4039.81
1005 1 1 -4140.7 -3883.52
1006 1 0 -3890.09 4077.42
1007 1 1 -3689.18 -3643.52
1008 0 0 4016.72 3775.25
1009 1 1 -3930.31 -3844.72
1010 1 0 -3639.39 4120.54
1011 1 1 -4189.98 -3924.28
1012 0 0 3713.11 7026.33
1013 1 1 -4194.85 -3954.43
1014 0 1 3763.04 -3681.52
1015 1 0 -3793.8 4111.06
1016 0 0 4044.61 4034.55
1017 0 1 3494.53 -3474.15
1018 0 0 3640.6 3641.26
1019 1 1 -4354.9 -3856
1020 1 1 -4153.09 -3936.39
1021 0 1 3677.51 -3706.13
1022 1 1 -4546.89 -4034.59
1023 1 0 -3551.53 3812.39
