0 1 1 -374.814 -411.053
1 0 1 655.395 -443.038
2 1 1 -794.664 -386.232
3 1 1 -385.074 -586.143
4 0 0 407.797 449.426
5 1 0 -279.92 449.987
6 0 1 375.884 -444.566
7 0 1 408.134 -323.744
8 0 0 434.892 430.753
9 1 1 -419.883 -371.134
10 1 1 -355.532 -408.766
11 0 0 418.462 388.663
12 0 0 409.94 398.993
13 1 0 -402.801 435.12
14 0 1 516.854 -343.796
15 0 1 420.073 -340.906
16 0 0 465.407 470.781
17 1 0 -377.419 322.184
18 1 1 -374.646 -853.023
19 1 1 -413.271 -533.759
20 1 0 -287.417 319.779
21 0 1 479.656 -381.055
22 1 0 -369.634 501.115
23 1 0 -408.279 513.464
24 0 1 407.802 -320.776
25 0 1 471.212 -359.087
26 0 1 421.82 -370.021
27 0 0 371.533 455.795
28 0 0 448.465 327.848
29 0 0 509.028 382.216
30 1 0 -361.845 470.441
31 1 0 -410.037 402.711
32 0 0 406.637 343.984
33 0 1 463.297 -333.175
34 0 0 329.304 327.172
35 1 0 -326.416 402.934
36 1 1 -422.45 -462.379
37 1 1 -333.79 -307.907
38 1 1 -367.326 -447.196
39 1 1 -429.589 -373.495
40 1 0 -524.151 407.02
41 1 1 -317.098 -429.559
42 0 1 468.796 -344.209
43 0 1 470.657 -343.43
44 1 1 -355.726 -318.688
45 0 1 416.399 -697.507
46 0 0 344.977 438.364
47 1 0 -314.482 379.171
48 1 0 -431.911 482.015
49 1 0 -300.156 362.429
50 1 1 -316.666 -349.318
51 1 1 -307.148 -305.851
52 0 1 408.717 -322.712
53 0 1 407.935 -319.89
54 1 0 -388.74 557.341
55 0 1 407.615 -308.777
56 0 0 470.098 433.596
57 0 0 439.845 420.385
58 1 1 -315.375 -432.537
59 0 0 401.917 318.589
60 0 1 505.595 -399.197
61 1 0 -374.871 462.29
62 1 0 -589.763 488.992
63 1 0 -470.437 363.091
